episode,step,cart_position,pole_angle,cart_velocity,pole_angular_velocity,action_idx,action_value,q_estimated,max_q_estimated,reward,mc_return,taken_bias,maxq_bias
0,0,0.010716423392295837,-0.07048362493515015,-0.0959831103682518,-0.041599541902542114,2,0.0,29.812482103568982,29.812482103568982,0.9937862157821655,45.132378941905124,-15.319896838336142,-15.319896838336142
0,1,0.009769215248525143,-0.07096020132303238,-0.0924873948097229,-0.046892017126083374,2,0.0,29.812482103568982,29.812482103568982,0.993716835975647,44.5844370970939,-14.771954993524915,-14.771954993524915
0,2,0.00885528139770031,-0.07149284332990646,-0.08927875757217407,-0.05269990116357803,2,0.0,29.812482103568982,29.812482103568982,0.993632435798645,44.031030566786114,-14.218548463217132,-14.218548463217132
0,3,0.007971854880452156,-0.07208660244941711,-0.08633860945701599,-0.059003204107284546,2,0.0,29.812482103568982,29.812482103568982,0.9935324788093567,43.472119324229766,-13.659637220660784,-13.659637220660784
0,4,0.007116340566426516,-0.07274635881185532,-0.08365000039339066,-0.06578508019447327,2,0.0,29.812482103568982,29.812482103568982,0.9934161305427551,42.90766348022264,-13.095181376653656,-13.095181376653656
0,5,0.0062863025814294815,-0.07347685843706131,-0.08119751513004303,-0.0730319619178772,2,0.0,29.812482103568982,29.812482103568982,0.9932827949523926,42.33762358553523,-12.525141481966251,-12.525141481966251
0,6,0.005479453131556511,-0.07428272068500519,-0.0789671242237091,-0.08073300868272781,2,0.0,29.812482103568982,29.812482103568982,0.9931314587593079,41.761960394528124,-11.949478290959142,-11.949478290959142
0,7,0.004693636670708656,-0.07516847550868988,-0.07694607228040695,-0.08887998759746552,2,0.0,29.812482103568982,29.812482103568982,0.9929612278938293,41.180635288655374,-11.368153185086392,-11.368153185086392
0,8,0.00392681872472167,-0.07613857090473175,-0.07512280344963074,-0.09746729582548141,2,0.0,29.812482103568982,29.812482103568982,0.9927712082862854,40.593610162385396,-10.781128058816414,-10.781128058816414
0,9,0.003177071688696742,-0.07719743251800537,-0.07348679006099701,-0.10649152100086212,2,0.0,29.812482103568982,29.812482103568982,0.9925601482391357,40.00084742838294,-10.188365324813958,-10.188365324813958
0,10,0.002442568074911833,-0.07834946364164352,-0.07202856987714767,-0.11595160514116287,2,0.0,29.812482103568982,29.812482103568982,0.9923267364501953,39.40231038398364,-9.589828280414658,-9.589828280414658
0,11,0.0017215701518580317,-0.0795990452170372,-0.07073954492807388,-0.12584836781024933,2,0.0,29.812482103568982,29.812482103568982,0.9920697808265686,38.79796328033681,-8.985481176767827,-8.985481176767827
0,12,0.0010124198161065578,-0.08095064759254456,-0.0696120336651802,-0.13618487119674683,2,0.0,29.812482103568982,29.812482103568982,0.9917876124382019,38.187771211626504,-8.375289108057522,-8.375289108057522
0,13,0.00031353201484307647,-0.08240870386362076,-0.06863906234502792,-0.14696577191352844,2,0.0,29.812482103568982,29.812482103568982,0.9914786219596863,37.57170060524071,-7.759218501671725,-7.759218501671725
0,14,-0.0003766138688661158,-0.08397773653268814,-0.0678144320845604,-0.15819768607616425,1,-0.5,38.12169275418427,38.12169275418427,0.9904229640960693,36.94971917503133,1.171973579152933,1.171973579152933
0,15,-0.0012722811661660671,-0.08598966151475906,-0.10453900694847107,-0.2274191677570343,1,-0.5,38.12169275418427,38.12169275418427,0.9892853498458862,36.322521425187134,1.799171328997133,1.799171328997133
0,16,-0.0025202760007232428,-0.08867312967777252,-0.13861018419265747,-0.29287007451057434,1,-0.5,38.12169275418427,38.12169275418427,0.9880563020706177,35.690137449839646,2.43155530434462,2.43155530434462
0,17,-0.00409542815759778,-0.09199327975511551,-0.17025673389434814,-0.3550010323524475,1,-0.5,38.12169275418427,38.12169275418427,0.9867242574691772,35.05260721996871,3.069085534215553,3.069085534215553
0,18,-0.005974744912236929,-0.09591955691576004,-0.1996886283159256,-0.41422855854034424,1,-0.5,38.12169275418427,38.12169275418427,0.9852758049964905,34.409982790403575,3.7117099637806916,3.7117099637806916
0,19,-0.008137227967381477,-0.1004253625869751,-0.2270984649658203,-0.47093823552131653,1,-0.5,38.12169275418427,38.12169275418427,0.983695924282074,33.76233028828999,4.359362465894279,4.359362465894279
0,20,-0.010563713498413563,-0.10548778623342514,-0.252662718296051,-0.5254870057106018,3,0.5,34.53562113170182,34.53562113170182,0.9834336638450623,33.109731680816076,1.425889450885741,1.425889450885741
0,21,-0.012812124565243721,-0.11043568700551987,-0.201911062002182,-0.46366897225379944,3,0.5,34.53562113170182,34.53562113170182,0.9831799268722534,32.450806077748496,2.084815053953321,2.084815053953321
0,22,-0.014576774090528488,-0.1148076057434082,-0.15523962676525116,-0.4088805913925171,3,0.5,34.53562113170182,34.53562113170182,0.9829413294792175,31.785480960481056,2.7501401712207603,2.7501401712207603
0,23,-0.015896448865532875,-0.1186700388789177,-0.11230558156967163,-0.36050140857696533,3,0.5,34.53562113170182,34.53562113170182,0.9827212691307068,31.11367639495135,3.421944736750465,3.421944736750465
0,24,-0.01680668443441391,-0.12208365648984909,-0.07279637455940247,-0.31796911358833313,3,0.5,34.53562113170182,34.53562113170182,0.9825208187103271,30.43530820789964,4.100312923802175,4.100312923802175
0,25,-0.017340054735541344,-0.12510381639003754,-0.036427196115255356,-0.2807742655277252,3,0.5,34.53562113170182,34.53562113170182,0.9823388457298279,29.750290292110417,4.785330839591399,4.785330839591399
0,26,-0.01752644218504429,-0.12778112292289734,-0.0029384722001850605,-0.24845562875270844,3,0.5,34.53562113170182,34.53562113170182,0.9816153645515442,29.058536814525848,5.477084317175969,5.477084317175969
0,27,-0.017393266782164574,-0.13016176223754883,0.0279063880443573,-0.22059565782546997,3,0.5,31.874286221281782,31.874286221281782,0.9808950424194336,28.36052671714576,3.513759504136022,3.513759504136022
0,28,-0.016965704038739204,-0.13228805363178253,0.0563231036067009,-0.19681653380393982,3,0.5,31.874286221281782,31.874286221281782,0.9802287817001343,27.656193610834674,4.218092610447108,4.218092610447108
0,29,-0.01626688987016678,-0.13419874012470245,0.08250834047794342,-0.17677681148052216,3,0.5,31.874286221281782,31.874286221281782,0.9796090722084045,26.94541901932782,4.928867201953963,4.928867201953963
0,30,-0.015318091958761215,-0.1359293907880783,0.10664156079292297,-0.16016776859760284,3,0.5,31.874286221281782,31.874286221281782,0.9790278077125549,26.228090855676175,5.646195365605607,5.646195365605607
0,31,-0.01413888018578291,-0.13751259446144104,0.12888649106025696,-0.14671045541763306,3,0.5,31.874286221281782,31.874286221281782,0.9784778356552124,25.50410408885214,6.37018213242964,6.37018213242964
0,32,-0.012747270055115223,-0.13897842168807983,0.14939257502555847,-0.13615307211875916,3,0.5,31.874286221281782,31.874286221281782,0.9779514670372009,24.77335985171407,7.100926369567713,7.100926369567713
0,33,-0.011159861460328102,-0.1403544843196869,0.16829629242420197,-0.12826858460903168,3,0.5,31.874286221281782,31.874286221281782,0.9774414896965027,24.03576604512815,7.838520176153633,7.838520176153633
0,34,-0.00939195603132248,-0.14166635274887085,0.18572229146957397,-0.12285241484642029,3,0.5,31.874286221281782,31.874286221281782,0.9769412279129028,23.29123692467843,8.583049296603352,8.583049296603352
0,35,-0.007457679137587547,-0.14293760061264038,0.20178447663784027,-0.11972043663263321,3,0.5,31.874286221281782,31.874286221281782,0.9764440655708313,22.53969262299548,9.3345935982863,9.3345935982863
0,36,-0.00537006976082921,-0.14419010281562805,0.2165869027376175,-0.11870720982551575,3,0.5,31.874286221281782,31.874286221281782,0.9759435057640076,21.781059148913787,10.093227072367995,10.093227072367995
0,37,-0.0031411820091307163,-0.14544418454170227,0.23022465407848358,-0.1196645051240921,3,0.5,31.874286221281782,31.874286221281782,0.9754332900047302,21.01526832641392,10.859017894867861,10.859017894867861
0,38,-0.0007821674807928503,-0.1467188447713852,0.24278466403484344,-0.12245956063270569,3,0.5,31.874286221281782,31.874286221281782,0.9749076962471008,20.242257612534537,11.632028608747245,11.632028608747245
0,39,0.0016966473776847124,-0.14803174138069153,0.2543463706970215,-0.12697403132915497,0,-1.0,24.17764788643491,24.17764788643491,0.9743354916572571,19.46196961241155,4.715678274023361,4.715678274023361
0,40,0.0036524315364658833,-0.15036620199680328,0.15365897119045258,-0.30303719639778137,0,-1.0,24.17764788643491,24.17764788643491,0.9732120633125305,18.67437789975181,5.503269986683101,5.503269986683101
0,41,0.004643476102501154,-0.15439940989017487,0.060402147471904755,-0.4680894911289215,0,-1.0,24.17764788643491,24.17764788643491,0.971010148525238,17.87996549135281,6.297682395082102,6.297682395082102
0,42,0.004740644712001085,-0.16002824902534485,-0.02601131610572338,-0.6232521533966064,1,-0.5,15.13509491969058,15.13509491969058,0.9679040312767029,17.079752871543,-1.9446579518524203,-1.9446579518524203
0,43,0.0042197913862764835,-0.16683951020240784,-0.06910575181245804,-0.7131773829460144,1,-0.5,15.13509491969058,15.13509491969058,0.9644465446472168,16.274594788147777,-1.1394998684571966,-1.1394998684571966
0,44,0.0032844673842191696,-0.17453216016292572,-0.10922055691480637,-0.7995304465293884,1,-0.5,15.13509491969058,15.13509491969058,0.9606031179428101,15.464796205556121,-0.32970128586554104,-0.32970128586554104
0,45,0.0019630168098956347,-0.18307369947433472,-0.1466023027896881,-0.8828145265579224,1,-0.5,15.13509491969058,15.13509491969058,0.9563359618186951,14.650700088498294,0.48439483119228655,0.48439483119228655
0,46,0.0002814483013935387,-0.19243638217449188,-0.18147583305835724,-0.9634946584701538,1,-0.5,15.13509491969058,15.13509491969058,0.9516034722328186,13.8326910370501,1.3024038826404798,1.3024038826404798
0,47,-0.001736354548484087,-0.20259682834148407,-0.21404583752155304,-1.0420005321502686,1,-0.5,18.521561315952248,18.521561315952248,0.9463604688644409,13.011199560421497,5.5103617555307505,5.5103617555307505
0,48,-0.004068438429385424,-0.21353580057621002,-0.24449799954891205,-1.118728756904602,3,0.5,15.55869681147104,15.55869681147104,0.942126452922821,12.186706153087936,3.371990658383103,3.371990658383103
0,49,-0.00627802824601531,-0.22460971772670746,-0.19978207349777222,-1.0836690664291382,3,0.5,15.55869681147104,15.55869681147104,0.9377117156982422,11.358161313298096,4.200535498172943,4.200535498172943
0,50,-0.00806365255266428,-0.23538105189800262,-0.15896716713905334,-1.0562704801559448,3,0.5,15.55869681147104,15.55869681147104,0.9331068992614746,10.525706664242277,5.032990147228762,5.032990147228762
0,51,-0.009462391026318073,-0.2459229677915573,-0.12172464281320572,-1.0359666347503662,3,0.5,15.55869681147104,15.55869681147104,0.9282976388931274,9.689494712101821,5.869202099369218,5.869202099369218
0,52,-0.010508207604289055,-0.2563033998012543,-0.08775506913661957,-1.0222495794296265,3,0.5,15.55869681147104,15.55869681147104,0.9232658743858337,8.849694013342114,6.709002798128925,6.709002798128925
0,53,-0.011232229880988598,-0.26658543944358826,-0.05678547918796539,-1.0146629810333252,3,0.5,8.547401371037893,8.547401371037893,0.9179893732070923,8.006493069652809,0.540908301385084,0.540908301385084
0,54,-0.011662996374070644,-0.27682799100875854,-0.028566893190145493,-1.0127991437911987,3,0.5,8.547401371037893,8.547401371037893,0.9124433398246765,7.160104743884563,1.3872966271533294,1.3872966271533294
0,55,-0.011826683767139912,-0.2870861291885376,-0.0028719655238091946,-1.0162930488586426,3,0.5,8.547401371037893,8.547401371037893,0.9061896204948425,6.310769095009987,2.2366322760279056,2.2366322760279056
0,56,-0.011747307144105434,-0.2974114418029785,0.020507190376520157,-1.0248184204101562,0,-1.0,8.336828462787174,8.336828462787174,0.8980022668838501,5.459171186378934,2.8776572764082404,2.8776572764082404
0,57,-0.01205815002322197,-0.30875417590141296,-0.06569035351276398,-1.1965210437774658,3,0.5,8.547401371037893,8.547401371037893,0.8906100392341614,4.6072413328233175,3.940160038214575,3.940160038214575
0,58,-0.012585395947098732,-0.3208748400211334,-0.038406215608119965,-1.2027199268341064,4,1.0,4.077760879468508,4.077760879468508,0.8831825256347656,3.7541730238274305,0.32358785564107784,0.32358785564107784
0,59,-0.012652258388698101,-0.33279675245285034,0.02197517268359661,-1.1623936891555786,1,-0.5,4.084597095415545,4.084597095415545,0.8740462064743042,2.899990402214813,1.1846066932007324,1.1846066932007324
0,60,-0.012749262154102325,-0.3452543616294861,-0.028925471007823944,-1.286294937133789,4,1.0,2.518229560474589,2.518229560474589,0.8652009963989258,2.0464082785257665,0.47182128194882234,0.47182128194882234
0,61,-0.01273227110505104,-0.3580581247806549,0.029704343527555466,-1.2527689933776855,0,-1.0,1.88078297482906,1.88078297482906,0.8540505170822144,1.1931386688149903,0.6876443060140698,0.6876443060140698
0,62,-0.012956728227436543,-0.3717380464076996,-0.0570223405957222,-1.4313260316848755,4,1.0,-0.5167068541978838,-0.5167068541978838,0.8439248204231262,0.34251328457856167,-0.8592201387764454,-0.8592201387764454
0,63,-0.0132152009755373,-0.386016845703125,0.002661540172994137,-1.4009279012680054,2,0.0,-1.0469796882808036,-1.0469796882808036,0.8319525718688965,-0.5064762988328935,-0.5405033894479101,-0.5405033894479101
0,64,-0.013301579281687737,-0.4006161093711853,-0.012165187858045101,-1.4794082641601562,4,1.0,-0.5167068541978838,-0.5167068541978838,0.8196355700492859,-1.3519483542442323,0.8352415000463486,0.8352415000463486
0,65,-0.01313729677349329,-0.41544806957244873,0.04315805062651634,-1.4602680206298828,2,0.0,-1.0469796882808036,-1.0469796882808036,-2.193519115447998,-2.193519115447998,1.1465394271671945,1.1465394271671945
1,0,-0.13098911941051483,-0.1995788812637329,-0.04933527112007141,0.1354910433292389,2,0.0,18.87132129282653,18.87132129282653,0.9560874700546265,37.01851023090324,-18.14718893807671,-18.14718893807671
1,1,-0.1315384805202484,-0.19853372871875763,-0.05571148917078972,0.09585391730070114,2,0.0,18.87132129282653,18.87132129282653,0.9564497470855713,36.42668965742284,-17.555368364596312,-17.555368364596312
1,2,-0.1321486383676529,-0.1978793442249298,-0.06157887727022171,0.057130780071020126,2,0.0,18.87132129282653,18.87132129282653,0.9566575288772583,35.82852516195684,-16.95720386913031,-16.95720386913031
1,3,-0.13281479477882385,-0.19760748744010925,-0.06699051707983017,0.01918446272611618,2,0.0,18.87132129282653,18.87132129282653,0.9565334916114807,35.22410872028241,-16.35278742745588,-16.35278742745588
1,4,-0.13353271782398224,-0.1977112740278244,-0.07199563086032867,-0.018115408718585968,1,-0.5,18.521561315952248,18.521561315952248,0.9552916884422302,34.613712352192856,-16.092151036240608,-16.092151036240608
1,5,-0.13450784981250763,-0.19850166141986847,-0.11341756582260132,-0.11055094003677368,1,-0.5,18.521561315952248,18.521561315952248,0.9537198543548584,33.99840471085922,-15.476843394906972,-15.476843394906972
1,6,-0.13588003814220428,-0.20019134879112244,-0.1518184095621109,-0.1985415518283844,1,-0.5,18.521561315952248,18.521561315952248,0.9518216252326965,33.378469552024605,-14.856908236072357,-14.856908236072357
1,7,-0.13762058317661285,-0.20273907482624054,-0.18744705617427826,-0.28258827328681946,1,-0.5,18.521561315952248,18.521561315952248,0.9495948553085327,32.75418982504233,-14.232628509090084,-14.232628509090084
1,8,-0.13970310986042023,-0.20610839128494263,-0.22053419053554535,-0.3631603717803955,1,-0.5,18.521561315952248,18.521561315952248,0.9470325708389282,32.12585350478162,-13.604292188829369,-13.604292188829369
1,9,-0.14210347831249237,-0.2102673351764679,-0.25129300355911255,-0.44069668650627136,3,0.5,15.55869681147104,15.55869681147104,0.9457046985626221,31.493758519134033,-15.935061707662994,-15.935061707662994
1,10,-0.14438246190547943,-0.21455863118171692,-0.20659171044826508,-0.4049457907676697,3,0.5,15.55869681147104,15.55869681147104,0.9444380402565002,30.856620020779204,-15.297923209308165,-15.297923209308165
1,11,-0.14623497426509857,-0.21852843463420868,-0.16542379558086395,-0.37521064281463623,3,0.5,15.55869681147104,15.55869681147104,0.9432193040847778,30.214325232851216,-14.655628421380177,-14.655628421380177
1,12,-0.1476946622133255,-0.22223392128944397,-0.12750281393527985,-0.35100042819976807,3,0.5,15.55869681147104,15.55869681147104,0.9420340657234192,29.566773665420644,-14.008076853949605,-14.008076853949605
1,13,-0.14879244565963745,-0.22572773694992065,-0.09256824105978012,-0.33187413215637207,3,0.5,15.55869681147104,15.55869681147104,0.9408678412437439,28.913878383532552,-13.355181572061513,-13.355181572061513
1,14,-0.14955686032772064,-0.22905835509300232,-0.060382992029190063,-0.31743574142456055,3,0.5,15.55869681147104,15.55869681147104,0.9397055506706238,28.25556620433213,-12.69686939286109,-12.69686939286109
1,15,-0.15001414716243744,-0.23227058351039886,-0.030731085687875748,-0.3073296546936035,3,0.5,15.55869681147104,15.55869681147104,0.9385324120521545,27.591778438041924,-12.033081626570885,-12.033081626570885
1,16,-0.15018849074840546,-0.235405832529068,-0.003415633924305439,-0.30123692750930786,3,0.5,15.55869681147104,15.55869681147104,0.9368986487388611,26.922470733323,-11.36377392185196,-11.36377392185196
1,17,-0.15010221302509308,-0.23850254714488983,0.02174297720193863,-0.29887184500694275,4,1.0,14.193921587132538,14.193921587132538,0.9352668523788452,26.248052610691047,-12.05413102355851,-12.05413102355851
1,18,-0.14956875145435333,-0.24128583073616028,0.08134100586175919,-0.245347261428833,4,1.0,14.193921587132538,14.193921587132538,0.9339027404785156,25.56847046294162,-11.374548875809081,-11.374548875809081
1,19,-0.14846530556678772,-0.24357621371746063,0.1364164650440216,-0.19905520975589752,4,1.0,14.193921587132538,14.193921587132538,0.9327759146690369,24.88340173986172,-10.689480152729184,-10.689480152729184
1,20,-0.14683495461940765,-0.24544212222099304,0.18733806908130646,-0.15935516357421875,4,1.0,14.193921587132538,14.193921587132538,0.9318562746047974,24.19255133857847,-9.99862975144593,-9.99862975144593
1,21,-0.14471732079982758,-0.2469460517168045,0.23444059491157532,-0.12567134201526642,4,1.0,14.193921587132538,14.193921587132538,0.9311150312423706,23.495651579771383,-9.301729992638846,-9.301729992638846
1,22,-0.14214879274368286,-0.24814504384994507,0.2780279815196991,-0.09748634696006775,4,1.0,14.193921587132538,14.193921587132538,0.9305247068405151,22.792461160130316,-8.598539572997778,-8.598539572997778
1,23,-0.13916291296482086,-0.24909129738807678,0.31837722659111023,-0.07433435320854187,4,1.0,14.193921587132538,14.193921587132538,0.9300594925880432,22.08276409423212,-7.888842507099584,-7.888842507099584
1,24,-0.13579061627388,-0.24983268976211548,0.35574042797088623,-0.05579600855708122,4,1.0,14.193921587132538,14.193921587132538,0.9296942949295044,21.366368284488967,-7.172446697356429,-7.172446697356429
1,25,-0.13206042349338531,-0.25041308999061584,0.39034759998321533,-0.041493721306324005,4,1.0,14.193921587132538,14.193921587132538,0.9294065833091736,20.643105039959053,-6.4491834528265155,-6.4491834528265155
1,26,-0.1279986947774887,-0.2508728504180908,0.4224090278148651,-0.031087223440408707,4,1.0,14.193921587132538,14.193921587132538,0.9291744828224182,19.912826723888767,-5.718905136756229,-5.718905136756229
1,27,-0.12362976372241974,-0.25124913454055786,0.4521167576313019,-0.024270188063383102,4,1.0,14.193921587132538,14.193921587132538,0.9289780855178833,19.175406304107423,-4.981484716974885,-4.981484716974885
1,28,-0.11897619813680649,-0.2515762448310852,0.4796466529369354,-0.02076674997806549,4,1.0,14.193921587132538,14.193921587132538,0.9287983775138855,18.430735574332868,-4.23681398720033,-4.23681398720033
1,29,-0.11405882984399796,-0.25188592076301575,0.5051596760749817,-0.020328791812062263,4,1.0,14.193921587132538,14.193921587132538,0.9286178946495056,17.678724441231296,-3.484802854098758,-3.484802854098758
1,30,-0.10889697819948196,-0.2522074580192566,0.5288034677505493,-0.02273317240178585,4,1.0,14.193921587132538,14.193921587132538,0.9284204840660095,16.91929954200181,-2.7253779548692716,-2.7253779548692716
1,31,-0.10350858420133591,-0.25256818532943726,0.5507133603096008,-0.027779752388596535,4,1.0,14.193921587132538,14.193921587132538,0.9281904101371765,16.15240308882404,-1.9584815016915034,-1.9584815016915034
1,32,-0.09791026264429092,-0.25299352407455444,0.5710136294364929,-0.03528915345668793,4,1.0,14.193921587132538,14.193921587132538,0.9279133677482605,15.377992604734207,-1.1840710176016689,-1.1840710176016689
1,33,-0.09211747348308563,-0.25350719690322876,0.5898182392120361,-0.04510108008980751,4,1.0,14.193921587132538,14.193921587132538,0.9275752902030945,14.596039633319137,-0.4021180461865992,-0.4021180461865992
1,34,-0.0861445888876915,-0.2541314661502838,0.607231855392456,-0.05707269906997681,4,1.0,14.193921587132538,14.193921587132538,0.9271634221076965,13.806529639511155,0.3873919476213832,0.3873919476213832
1,35,-0.08000498265028,-0.2548872232437134,0.6233508586883545,-0.07107695937156677,4,1.0,14.193921587132538,14.193921587132538,0.9266650080680847,13.009460825660058,1.1844607614724794,1.1844607614724794
1,36,-0.0737110897898674,-0.2557941973209381,0.6382636427879333,-0.087001733481884,4,1.0,14.193921587132538,14.193921587132538,0.9260677695274353,12.204844260193912,1.9890773269386255,1.9890773269386255
1,37,-0.0672745406627655,-0.25687113404273987,0.6520514488220215,-0.1047482118010521,4,1.0,14.193921587132538,14.193921587132538,0.925359845161438,11.392703525925734,2.8012180612068036,2.8012180612068036
1,38,-0.06070616468787193,-0.25813576579093933,0.6647891402244568,-0.12423018366098404,4,1.0,14.193921587132538,14.193921587132538,0.9245293140411377,10.57307442501444,3.620847162118098,3.620847162118098
1,39,-0.05401608720421791,-0.2596051096916199,0.6765453815460205,-0.14537279307842255,4,1.0,14.193921587132538,14.193921587132538,0.9235643744468689,9.746005162599294,4.447916424533243,4.447916424533243
1,40,-0.04721376672387123,-0.26129546761512756,0.6873835325241089,-0.16811169683933258,4,1.0,14.193921587132538,14.193921587132538,0.9224532842636108,8.911556351669116,5.282365235463422,5.282365235463422
1,41,-0.04030807316303253,-0.2632226049900055,0.6973618865013123,-0.1923925280570984,0,-1.0,8.336828462787174,8.336828462787174,0.9208890795707703,8.069801078187378,0.26702738459979614,0.26702738459979614
1,42,-0.03413092717528343,-0.26662904024124146,0.5617167353630066,-0.43395301699638367,0,-1.0,8.336828462787174,8.336828462787174,0.9179782271385193,7.2211232309258655,1.115705231861309,1.115705231861309
1,43,-0.02925366908311844,-0.2723695635795593,0.4360220432281494,-0.6610362529754639,0,-1.0,8.336828462787174,8.336828462787174,0.9137265086174011,6.366813135138734,1.970015327648441,1.970015327648441
1,44,-0.02558060549199581,-0.28030717372894287,0.3196045458316803,-0.8748977184295654,0,-1.0,8.336828462787174,8.336828462787174,0.9081081748008728,5.508168309617508,2.8286601531696665,2.8286601531696665
1,45,-0.023022565990686417,-0.29031693935394287,0.21182890236377716,-1.0767364501953125,0,-1.0,8.336828462787174,8.336828462787174,0.9010714888572693,4.646525388703672,3.690303074083502,3.690303074083502
1,46,-0.021496478468179703,-0.3022855818271637,0.1121021956205368,-1.2676846981048584,1,-0.5,3.3903312048392635,3.3903312048392635,0.892640233039856,3.78328676752162,-0.39295556268235643,-0.39295556268235643
1,47,-0.020721541717648506,-0.3158111274242401,0.055626239627599716,-1.3961806297302246,0,-1.0,1.88078297482906,1.88078297482906,0.882236897945404,2.9198449843250143,-1.0390620094959542,-1.0390620094959542
1,48,-0.02069047838449478,-0.33089667558670044,-0.03230609744787216,-1.572378158569336,4,1.0,2.518229560474589,2.518229560474589,0.8718844652175903,2.0581899862420308,0.46003957423255804,0.46003957423255804
1,49,-0.020694175735116005,-0.34652474522590637,0.028167501091957092,-1.533764123916626,0,-1.0,1.88078297482906,1.88078297482906,0.8590246438980103,1.1982884050751925,0.6824945697538676,0.6824945697538676
1,50,-0.020925644785165787,-0.3629935383796692,-0.05749509483575821,-1.709708333015442,4,1.0,2.518229560474589,2.518229560474589,0.847072184085846,0.34269066785573965,2.175538892618849,2.175538892618849
1,51,-0.021177999675273895,-0.3800300359725952,0.0036544157192111015,-1.675755262374878,2,0.0,-1.0469796882808036,-1.0469796882808036,0.8331547379493713,-0.5094762790203093,-0.5375034092604942,-0.5375034092604942
1,52,-0.021245867013931274,-0.39735954999923706,-0.010067573748528957,-1.7519196271896362,4,1.0,-0.5167068541978838,-0.5167068541978838,0.818651556968689,-1.356192946434021,0.8394860922361372,0.8394860922361372
1,53,-0.021052049472928047,-0.4149007499217987,0.046344224363565445,-1.7307502031326294,2,0.0,-1.0469796882808036,-1.0469796882808036,-2.196812629699707,-2.196812629699707,1.1498329414189035,1.1498329414189035
2,0,0.18509086966514587,-0.14443223178386688,0.10352668166160583,0.04749155044555664,0,-1.0,23.089182067631967,23.089182067631967,0.9714130759239197,25.791969914003705,-2.702787846371738,-2.702787846371738
2,1,0.18560314178466797,-0.14491954445838928,0.014155038632452488,-0.11079897731542587,0,-1.0,24.17764788643491,24.17764788643491,0.9695652723312378,25.071269533413926,-0.8936216469790139,-0.8936216469790139
2,2,0.18525934219360352,-0.14693285524845123,-0.06859412789344788,-0.2590688467025757,1,-0.5,23.81725749004579,23.81725749004579,0.9678976535797119,24.345155819275444,-0.5278983292296537,-0.5278983292296537
2,3,0.1843336969614029,-0.15005598962306976,-0.10813958197832108,-0.3416737914085388,1,-0.5,23.81725749004579,23.81725749004579,0.9660381078720093,23.613392086561344,0.20386540348444626,0.20386540348444626
2,4,0.18302838504314423,-0.1539844423532486,-0.1448642760515213,-0.42043158411979675,1,-0.5,23.81725749004579,23.81725749004579,0.9639714956283569,22.876115129989227,0.9411423600565634,0.9411423600565634
2,5,0.18137022852897644,-0.15868280827999115,-0.17900781333446503,-0.4958242177963257,1,-0.5,15.13509491969058,15.13509491969058,0.9616794586181641,22.133478418546332,-6.998383498855752,-6.998383498855752
2,6,0.17938372492790222,-0.16412025690078735,-0.2107902318239212,-0.5682992339134216,1,-0.5,15.13509491969058,15.13509491969058,0.9591403007507324,21.38565551507896,-6.250560595388379,-6.250560595388379
2,7,0.17709127068519592,-0.17027024924755096,-0.2404133379459381,-0.6382719278335571,1,-0.5,15.13509491969058,15.13509491969058,0.9563297629356384,20.63284365083659,-5.497748731146011,-5.497748731146011
2,8,0.17451335489749908,-0.1771102100610733,-0.26806193590164185,-0.7061278223991394,1,-0.5,15.13509491969058,15.13509491969058,0.953220784664154,19.875266553435306,-4.740171633744726,-4.740171633744726
2,9,0.17166872322559357,-0.18462127447128296,-0.2939049005508423,-0.7722249627113342,1,-0.5,15.13509491969058,15.13509491969058,0.9497838616371155,19.113177544213286,-3.978082624522706,-3.978082624522706
2,10,0.16857454180717468,-0.19278797507286072,-0.3180963397026062,-0.8368955254554749,1,-0.5,15.13509491969058,15.13509491969058,0.9459869861602783,18.346862305632495,-3.211767385941915,-3.211767385941915
2,11,0.16524648666381836,-0.20159801840782166,-0.3407765030860901,-0.9004480242729187,1,-0.5,15.13509491969058,15.13509491969058,0.9417954683303833,17.576641736840624,-2.4415468171500443,-2.4415468171500443
2,12,0.16169887781143188,-0.21104201674461365,-0.3620728552341461,-0.963169276714325,4,1.0,13.519043682177774,13.519043682177774,0.939476728439331,16.802875018697215,-3.283831336519441,-3.283831336519441
2,13,0.15857020020484924,-0.22016996145248413,-0.2721892297267914,-0.8595271706581116,4,1.0,13.519043682177774,13.519043682177774,0.9372383952140808,16.023634636624124,-2.50459095444635,-2.50459095444635
2,14,0.15629790723323822,-0.22833693027496338,-0.18958571553230286,-0.7684372663497925,4,1.0,13.519043682177774,13.519043682177774,0.9350903034210205,15.23878408223237,-1.7197404000545955,-1.7197404000545955
2,15,0.15481291711330414,-0.23566144704818726,-0.11362671852111816,-0.6887438893318176,4,1.0,13.519043682177774,13.519043682177774,0.9330335259437561,14.448175534152877,-0.9291318519751037,-0.9291318519751037
2,16,0.15405218303203583,-0.24225111305713654,-0.04373779147863388,-0.619411289691925,4,1.0,13.519043682177774,13.519043682177774,0.9306506514549255,13.651658594150629,-0.1326149119728548,-0.1326149119728548
2,17,0.15395806729793549,-0.24820390343666077,0.020600080490112305,-0.5595118403434753,0,-1.0,12.5198657801704,12.5198657801704,0.926049530506134,12.849502972419902,-0.3296371922495016,-0.3296371922495016
2,18,0.15365122258663177,-0.25484561920166016,-0.0654645785689354,-0.7255584001541138,4,1.0,13.519043682177774,13.519043682177774,0.9233876466751099,12.043892365569462,1.4751513166083114,1.4751513166083114
2,19,0.15334437787532806,-0.26186874508857727,-0.0001951688900589943,-0.6664562225341797,4,1.0,13.519043682177774,13.519043682177774,0.919583261013031,11.232833049388235,2.2862106327895386,2.2862106327895386
2,20,0.1536599099636078,-0.2683546245098114,0.05986705422401428,-0.6163065433502197,3,0.5,8.481782798238305,8.481782798238305,0.9158480167388916,10.417424028661822,-1.935641230423517,-1.935641230423517
2,21,0.15434277057647705,-0.2746941149234772,0.07902095466852188,-0.6281042695045471,3,0.5,8.481782798238305,8.481782798238305,0.9119417667388916,9.597551527194879,-1.1157687289565743,-1.1157687289565743
2,22,0.15520723164081573,-0.281173437833786,0.0965060219168663,-0.643358051776886,3,0.5,8.481782798238305,8.481782798238305,0.9078400135040283,8.773343192379786,-0.2915603941414808,-0.2915603941414808
2,23,0.15623731911182404,-0.2878262400627136,0.11244818568229675,-0.6618937849998474,3,0.5,8.481782798238305,8.481782798238305,0.9035174250602722,7.944952705935108,0.5368300923031963,0.5368300923031963
2,24,0.15741823613643646,-0.2946845293045044,0.12696309387683868,-0.6835578083992004,3,0.5,8.481782798238305,8.481782798238305,0.898947536945343,7.112560889772562,1.369221908465743,1.369221908465743
2,25,0.15873636305332184,-0.3017788827419281,0.14015720784664154,-0.7082154154777527,3,0.5,8.481782798238305,8.481782798238305,0.8941018581390381,6.276377124067897,2.2054056741704073,2.2054056741704073
2,26,0.1601790487766266,-0.3091385066509247,0.15212860703468323,-0.7357488870620728,3,0.5,8.481782798238305,8.481782798238305,0.8889514207839966,5.436641682756424,3.045141115481881,3.045141115481881
2,27,0.16173458099365234,-0.31679174304008484,0.1629679799079895,-0.766055703163147,2,0.0,3.4409970972997304,3.4409970972997304,0.8833803534507751,4.593626527244876,-1.1526294299451454,-1.1526294299451454
2,28,0.16318950057029724,-0.3250628411769867,0.13713639974594116,-0.8512604236602783,2,0.0,3.4409970972997304,3.4409970972997304,0.8771129250526428,3.7477234078728294,-0.30672631057309907,-0.30672631057309907
2,29,0.16439573466777802,-0.33418020606040955,0.11304015666246414,-0.9350279569625854,2,0.0,3.4409970972997304,3.4409970972997304,0.8701103329658508,2.8996065483032187,0.5413905489965116,0.5413905489965116
2,30,0.1653698831796646,-0.3441314101219177,0.09054838120937347,-1.0176688432693481,2,0.0,3.4409970972997304,3.4409970972997304,0.8623285889625549,2.0499961771084525,1.3910009201912779,1.3910009201912779
2,31,0.1661273092031479,-0.35490694642066956,0.06954345107078552,-1.099471092224121,2,0.0,3.4409970972997304,3.4409970972997304,0.8537184000015259,1.1996642304504015,2.241332866849329,2.241332866849329
2,32,0.16668234765529633,-0.36650022864341736,0.04992038384079933,-1.1807020902633667,2,0.0,3.4409970972997304,3.4409970972997304,0.8442246317863464,0.34944023277664205,3.0915568645230884,3.0915568645230884
2,33,0.16704826056957245,-0.3789070248603821,0.031586386263370514,-1.261608600616455,1,-0.5,-0.3845352340607612,-0.3845352340607612,0.8332685232162476,-0.4997822212219236,0.11524698716116244,0.11524698716116244
2,34,0.1670391857624054,-0.39240968227386475,-0.020405640825629234,-1.392351508140564,4,1.0,-0.4720674063842487,-0.4720674063842487,0.8220786452293396,-1.3465159034729002,0.8744484970886515,0.8744484970886515
2,35,0.16712456941604614,-0.40635597705841064,0.03557628393173218,-1.3708305358886719,1,-0.5,-0.3845352340607612,-0.3845352340607612,-2.1904995441436768,-2.1904995441436768,1.8059643100829157,1.8059643100829157
3,0,0.016400307416915894,0.20878541469573975,-0.08882568031549454,-0.09986449778079987,1,-0.5,39.163074726975076,39.163074726975076,0.9551594853401184,41.09536670819312,-1.932291981218043,-1.932291981218043
3,1,0.015420278534293175,0.20788352191448212,-0.10857627540826797,-0.09832444787025452,1,-0.5,39.163074726975076,39.163074726975076,0.9553638696670532,40.54566386146768,-1.382589134492605,-1.382589134492605
3,2,0.014250649139285088,0.20700791478157043,-0.12692296504974365,-0.09480295330286026,1,-0.5,39.163074726975076,39.163074726975076,0.9555705189704895,39.99020201191983,-0.8271272849447513,-0.8271272849447513
3,3,0.012904886156320572,0.20617762207984924,-0.14396652579307556,-0.08944693207740784,1,-0.5,39.163074726975076,39.163074726975076,0.95577073097229,39.428920699948826,-0.2658459729737501,-0.2658459729737501
3,4,0.011395500041544437,0.20541025698184967,-0.15979956090450287,-0.08238821476697922,1,-0.5,39.163074726975076,39.163074726975076,0.9559561014175415,38.861767645430845,0.30130708154423047,0.30130708154423047
3,5,0.009734118357300758,0.20472215116024017,-0.17450711131095886,-0.07374469190835953,1,-0.5,39.163074726975076,39.163074726975076,0.9561192393302917,38.288698529306366,0.8743761976687097,0.8743761976687097
3,6,0.00793155375868082,0.20412860810756683,-0.18816736340522766,-0.06362142413854599,1,-0.5,39.163074726975076,39.163074726975076,0.9562528729438782,37.70967605048088,1.4533986764941957,1.4533986764941957
3,7,0.005997882690280676,0.20364396274089813,-0.20085209608078003,-0.05211177095770836,1,-0.5,39.163074726975076,39.163074726975076,0.9563506841659546,37.124669876300004,2.0384048506750716,2.0384048506750716
3,8,0.003942493814975023,0.20328164100646973,-0.21262724697589874,-0.039298221468925476,1,-0.5,39.163074726975076,39.163074726975076,0.9564065933227539,36.533655749630356,2.62941897734472,2.62941897734472
3,9,0.0017741487827152014,0.2030542939901352,-0.22355352342128754,-0.025253307074308395,1,-0.5,39.163074726975076,39.163074726975076,0.956414520740509,35.93661530940162,3.2264594175734587,3.2264594175734587
3,10,-0.0004989691660739481,0.20297391712665558,-0.23368655145168304,-0.010040292516350746,0,-1.0,33.04292435175442,33.04292435175442,0.955851674079895,35.333536150162736,-2.290611798408314,-2.290611798408314
3,11,-0.0030781682580709457,0.20273606479167938,-0.2798178493976593,-0.04925807565450668,0,-1.0,33.04292435175442,33.04292435175442,0.9554911851882935,34.72493381422509,-1.682009462470667,-1.682009462470667
3,12,-0.00609952537342906,0.20213466882705688,-0.3225786089897156,-0.08342914283275604,0,-1.0,33.04292435175442,33.04292435175442,0.9553059935569763,34.110548110138176,-1.0676237583837533,-1.0676237583837533
3,13,-0.009530899114906788,0.20121745765209198,-0.36223718523979187,-0.11301562935113907,0,-1.0,33.04292435175442,33.04292435175442,0.9552707076072693,33.490143552102225,-0.4472192003478028,-0.4472192003478028
3,14,-0.013342689722776413,0.2000277191400528,-0.3990384638309479,-0.1384357362985611,0,-1.0,33.04292435175442,33.04292435175442,0.9553624987602234,32.86350792373228,0.17941642802214375,0.17941642802214375
3,15,-0.017507625743746758,0.19860483705997467,-0.43320614099502563,-0.16006819903850555,0,-1.0,33.04292435175442,33.04292435175442,0.955559492111206,32.2304499242142,0.8124744275402236,0.8124744275402236
3,16,-0.022000553086400032,0.1969846934080124,-0.46494460105895996,-0.17825639247894287,0,-1.0,33.04292435175442,33.04292435175442,0.9558424949645996,31.59079841626565,1.4521259354887732,1.4521259354887732
3,17,-0.026798265054821968,0.19519980251789093,-0.4944411814212799,-0.19331172108650208,0,-1.0,33.04292435175442,33.04292435175442,0.9561933279037476,30.94439992050611,2.098524431248311,2.098524431248311
3,18,-0.03187933191657066,0.19327986240386963,-0.5218673944473267,-0.20551656186580658,0,-1.0,33.04292435175442,33.04292435175442,0.9565961360931396,30.29111777030542,2.751806581449003,2.751806581449003
3,19,-0.037223950028419495,0.19125187397003174,-0.5473805665969849,-0.21512731909751892,0,-1.0,33.04292435175442,33.04292435175442,0.9570361971855164,29.63082993354776,3.4120944182066637,3.4120944182066637
3,20,-0.04281383380293846,0.18914039433002472,-0.5711248517036438,-0.22237659990787506,0,-1.0,33.04292435175442,33.04292435175442,0.9575002789497375,28.96342801652752,4.079496335226903,4.079496335226903
3,21,-0.048632048070430756,0.18696780502796173,-0.5932328104972839,-0.2274755835533142,0,-1.0,33.04292435175442,33.04292435175442,0.9579768180847168,28.288815896543213,4.75410845521121,4.75410845521121
3,22,-0.05466292425990105,0.18475449085235596,-0.6138262152671814,-0.23061569035053253,0,-1.0,33.04292435175442,33.04292435175442,0.9584552645683289,27.60690816005909,5.436016191695334,5.436016191695334
3,23,-0.06089196354150772,0.18251903355121613,-0.6330171227455139,-0.2319706231355667,0,-1.0,33.04292435175442,33.04292435175442,0.9589262008666992,26.917629187364405,6.1252951643900175,6.1252951643900175
3,24,-0.06730572134256363,0.18027839064598083,-0.6509081721305847,-0.23169773817062378,0,-1.0,33.04292435175442,33.04292435175442,0.9593812823295593,26.22091210757344,6.822012244180982,6.822012244180982
3,25,-0.07389173656702042,0.1780479997396469,-0.6675940752029419,-0.2299395054578781,0,-1.0,33.04292435175442,33.04292435175442,0.9598132967948914,25.516697803276646,7.526226548477776,7.526226548477776
3,26,-0.08063846081495285,0.1758420318365097,-0.683161735534668,-0.22682467103004456,0,-1.0,33.04292435175442,33.04292435175442,0.9602158069610596,24.804933844931064,8.237990506823358,8.237990506823358
3,27,-0.08753516525030136,0.1736733466386795,-0.6976913809776306,-0.22246959805488586,0,-1.0,33.04292435175442,33.04292435175442,0.960582971572876,24.085573775727276,8.957350576027146,8.957350576027146
3,28,-0.09457188099622726,0.17155379056930542,-0.7112566828727722,-0.21697911620140076,0,-1.0,33.04292435175442,33.04292435175442,0.9609100222587585,23.35857656985293,9.684347781901494,9.684347781901494
3,29,-0.10173934698104858,0.16949418187141418,-0.7239254117012024,-0.2104475349187851,0,-1.0,33.04292435175442,33.04292435175442,0.9611924290657043,22.623905603630476,10.419018748123946,10.419018748123946
3,30,-0.10902893543243408,0.16750451922416687,-0.7357600927352905,-0.20295941829681396,0,-1.0,33.04292435175442,33.04292435175442,0.9614262580871582,21.881528459156335,11.161395892598087,11.161395892598087
3,31,-0.11643264442682266,0.1655939370393753,-0.7468180656433105,-0.1945904940366745,0,-1.0,33.04292435175442,33.04292435175442,0.9616081714630127,21.13141636471634,11.911507987038082,11.911507987038082
3,32,-0.12394299358129501,0.1637708693742752,-0.7571521997451782,-0.18540827929973602,0,-1.0,33.04292435175442,33.04292435175442,0.9617352485656738,20.373543629548816,12.669380722205606,12.669380722205606
3,33,-0.13155300915241241,0.16204316914081573,-0.7668111324310303,-0.175472691655159,0,-1.0,33.04292435175442,33.04292435175442,0.961804986000061,19.607887253518324,13.435037098236098,13.435037098236098
3,34,-0.13925619423389435,0.1604180932044983,-0.775839626789093,-0.16483677923679352,0,-1.0,33.04292435175442,33.04292435175442,0.9618150591850281,18.83442653284673,14.208497818907691,14.208497818907691
3,35,-0.14704644680023193,0.15890242159366608,-0.7842789888381958,-0.15354697406291962,0,-1.0,33.04292435175442,33.04292435175442,0.9617631435394287,18.053142902688588,14.989781449065834,14.989781449065834
3,36,-0.1549181044101715,0.15750250220298767,-0.792167067527771,-0.14164389669895172,0,-1.0,33.04292435175442,33.04292435175442,0.9616477489471436,17.264019958736526,15.778904393017896,15.778904393017896
3,37,-0.16286581754684448,0.1562243402004242,-0.7995384931564331,-0.1291624903678894,2,0.0,29.071797335457877,29.071797335457877,0.9626024961471558,16.467042636150893,12.604754699306984,12.604754699306984
3,38,-0.1704629361629486,0.15571647882461548,-0.7322914600372314,-0.003098675049841404,2,0.0,29.071797335457877,29.071797335457877,0.9619588255882263,15.661050646468421,13.410746688989455,13.410746688989455
3,39,-0.17741605639457703,0.15642550587654114,-0.6700380444526672,0.11530832946300507,2,0.0,25.308514358576126,25.308514358576126,0.960935115814209,14.84756749583858,10.460946862737545,10.460946862737545
3,40,-0.1837727129459381,0.1582796275615692,-0.6123753190040588,0.22683574259281158,3,0.5,17.956585103131964,17.956585103131964,0.9595721960067749,14.026901393964012,3.9296837091679517,3.9296837091679517
3,41,-0.18936589360237122,0.1615358293056488,-0.5218871235847473,0.3886629641056061,3,0.5,17.956585103131964,17.956585103131964,0.9577066898345947,13.199322422179028,4.757262680952936,4.757262680952936
3,42,-0.1940918117761612,0.16635632514953613,-0.4380447268486023,0.54081130027771,3,0.5,17.956585103131964,17.956585103131964,0.955325186252594,12.36526841650953,5.591316686622434,5.591316686622434
3,43,-0.19801382720470428,0.17265063524246216,-0.3603217601776123,0.6842923164367676,3,0.5,17.956585103131964,17.956585103131964,0.9524002075195312,11.525195182077713,6.431389921054251,6.431389921054251
3,44,-0.2011903077363968,0.18033798038959503,-0.28823283314704895,0.8200466632843018,3,0.5,17.956585103131964,17.956585103131964,0.948893129825592,10.679590883392104,7.27699421973986,7.27699421973986
3,45,-0.20367500185966492,0.18934646248817444,-0.22133219242095947,0.9489451050758362,3,0.5,17.956585103131964,17.956585103131964,0.944756269454956,9.828987629865164,8.1275974732668,8.1275974732668
3,46,-0.20551739633083344,0.1996125727891922,-0.1592119336128235,1.0717917680740356,3,0.5,17.956585103131964,17.956585103131964,0.9399333000183105,8.973971071121422,8.982614032010542,8.982614032010542
3,47,-0.2067631334066391,0.2110804170370102,-0.10150012373924255,1.1893278360366821,2,0.0,11.687295135588041,11.687295135588041,0.9343937039375305,8.115189667780921,3.57210546780712,3.57210546780712
3,48,-0.20766274631023407,0.2233867198228836,-0.08448338508605957,1.2469966411590576,2,0.0,11.687295135588041,11.687295135588041,0.9282786846160889,7.253329256407465,4.433965879180576,4.433965879180576
3,49,-0.20839643478393555,0.23627643287181854,-0.06835103034973145,1.3050955533981323,2,0.0,5.213717552674876,5.213717552674876,0.9215390086174011,6.38893997150644,-1.1752224188315648,-1.1752224188315648
3,50,-0.20897276699543,0.24975503981113434,-0.053039561957120895,1.3638012409210205,2,0.0,5.213717552674876,5.213717552674876,0.9141229391098022,5.522627235241454,-0.30890968256657825,-0.30890968256657825
3,51,-0.20939961075782776,0.26382964849472046,-0.03849382698535919,1.4232771396636963,4,1.0,4.070027413114618,4.070027413114618,0.9048999547958374,4.655054844577426,-0.5850274314628079,-0.5850274314628079
3,52,-0.20927317440509796,0.2791212499141693,0.047609105706214905,1.591261863708496,2,0.0,3.778498993557919,3.778498993557919,0.8952226638793945,3.7880352422036245,-0.00953624864570557,-0.00953624864570557
3,53,-0.20873193442821503,0.2954445481300354,0.055268146097660065,1.6446925401687622,2,0.0,3.778498993557919,3.778498993557919,0.8846666812896729,2.9220329073982123,0.8564660861597067,0.8564660861597067
3,54,-0.2081146389245987,0.3123187720775604,0.06272435933351517,1.7001477479934692,2,0.0,3.778498993557919,3.778498993557919,0.873162567615509,2.057945682937919,1.7205533106200002,1.7205533106200002
3,55,-0.2074234038591385,0.32976439595222473,0.06996253877878189,1.7576709985733032,2,0.0,1.933353118067358,1.933353118067358,0.8606358766555786,1.1967506215377879,0.7366024965295701,0.7366024965295701
3,56,-0.20666061341762543,0.3478022515773773,0.07696342468261719,1.8173010349273682,2,0.0,1.933353118067358,1.933353118067358,0.8470062017440796,0.33950984331536294,1.593843274751995,1.593843274751995
3,57,-0.20582889020442963,0.3664536774158478,0.08370346575975418,1.8790721893310547,2,0.0,1.933353118067358,1.933353118067358,0.8321886658668518,-0.5126225842714309,2.4459757023387887,2.4459757023387887
3,58,-0.2049310952425003,0.38574016094207764,0.09015476703643799,1.9430134296417236,0,-1.0,-0.9186968576104202,-0.9186968576104202,0.8177078366279602,-1.3583952021598815,0.43969834454946133,0.43969834454946133
3,59,-0.20436576008796692,0.4051186740398407,0.02680213376879692,1.9099799394607544,0,-1.0,-0.9186968576104202,-0.9186968576104202,-2.1980838775634766,-2.1980838775634766,1.2793870199530564,1.2793870199530564
4,0,0.16403993964195251,0.010425284504890442,0.05754077434539795,0.007935598492622375,1,-0.5,66.10146552123945,66.10146552123945,0.994059145450592,90.85346830598972,-24.752002784750275,-24.752002784750275
4,1,0.16438135504722595,0.010155332274734974,0.016218461096286774,-0.05426041781902313,3,0.5,65.55830293265169,65.55830293265169,0.9939205646514893,90.76707996014053,-25.20877702748885,-25.20877702748885
4,2,0.16475431621074677,0.009949523024260998,0.05308135226368904,0.004158469382673502,1,-0.5,66.10146552123945,66.10146552123945,0.994049608707428,90.67995898534247,-24.57849346410302,-24.57849346410302
4,3,0.16505283117294312,0.00964389555156231,0.012068342417478561,-0.05763343721628189,3,0.5,65.55830293265169,65.55830293265169,0.9939431548118591,90.5918276531667,-25.033524720515018,-25.033524720515018
4,4,0.16538585722446442,0.009406193159520626,0.0492158941924572,0.0011468357406556606,1,-0.5,66.10146552123945,66.10146552123945,0.9940436482429504,90.50291363470187,-24.401448113462422,-24.401448113462422
4,5,0.16564716398715973,0.009072034619748592,0.008464089594781399,-0.060325250029563904,3,0.5,65.55830293265169,65.55830293265169,0.9939499497413635,90.41299998632213,-24.85469705367045,-24.85469705367045
4,6,0.16594547033309937,0.008808784186840057,0.04585219547152519,-0.001260631252080202,3,0.5,65.55830293265169,65.55830293265169,0.993294358253479,90.322272764223,-24.763969831571316,-24.763969831571316
4,7,0.16660159826278687,0.009111144579946995,0.08042371273040771,0.053431302309036255,1,-0.5,66.10146552123945,66.10146552123945,0.9938936233520508,90.23129131916113,-24.129825797921683,-24.129825797921683
4,8,0.16716152429580688,0.009278803132474422,0.037317000329494476,-0.011707557365298271,3,0.5,65.55830293265169,65.55830293265169,0.9933370351791382,90.1387855513223,-24.580482618670615,-24.580482618670615
4,9,0.16773612797260284,0.00948313158005476,0.07255323976278305,0.044078703969717026,1,-0.5,66.10146552123945,66.10146552123945,0.9938480257987976,90.0459075920638,-23.94444207082435,-23.94444207082435
4,10,0.1682208776473999,0.009563097730278969,0.030056560412049294,-0.020064329728484154,3,0.5,65.55830293265169,65.55830293265169,0.9933708310127258,89.9515753194596,-24.393272386807908,-24.393272386807908
4,11,0.16872605681419373,0.009689133614301682,0.06585220992565155,0.03662625700235367,1,-0.5,66.10146552123945,66.10146552123945,0.9938116669654846,89.85677221055239,-23.755306689312945,-23.755306689312945
4,12,0.16914674639701843,0.009699346497654915,0.023869093507528305,-0.0266946442425251,3,0.5,65.55830293265169,65.55830293265169,0.9933972954750061,89.76056620564334,-24.202263272991658,-24.202263272991658
4,13,0.16959278285503387,0.009763388894498348,0.06013598293066025,0.030742168426513672,1,-0.5,66.10146552123945,66.10146552123945,0.9937829971313477,89.66380697996802,-23.562341458728568,-23.562341458728568
4,14,0.16995877027511597,0.009718654677271843,0.01858559437096119,-0.031900979578495026,3,0.5,65.55830293265169,65.55830293265169,0.9934178590774536,89.56568079074411,-24.007377858092426,-24.007377858092426
4,15,0.1703542172908783,0.009734143503010273,0.05524985119700432,0.02615083009004593,1,-0.5,66.10146552123945,66.10146552123945,0.9937607645988464,89.46693225420874,-23.365466732969296,-23.365466732969296
4,16,0.1706734299659729,0.009646659716963768,0.01406447496265173,-0.03593452274799347,3,0.5,65.55830293265169,65.55830293265169,0.9934336543083191,89.36683988849485,-23.808536955843167,-23.808536955843167
4,17,0.1710255742073059,0.0096246637403965,0.05106416344642639,0.022623170167207718,1,-0.5,66.10146552123945,66.10146552123945,0.9937437176704407,89.26606690321871,-23.164601381979267,-23.164601381979267
4,18,0.17130467295646667,0.009504464454948902,0.01018702331930399,-0.039003968238830566,3,0.5,65.55830293265169,65.55830293265169,0.9934453964233398,89.16396281368513,-23.605659881033446,-23.605659881033446
4,19,0.17161965370178223,0.009454077109694481,0.04747021570801735,0.01996907964348793,1,-0.5,66.10146552123945,66.10146552123945,0.993730902671814,89.06112870430483,-22.959663183065388,-22.959663183065388
4,20,0.17186427116394043,0.009309402666985989,0.0068537029437720776,-0.04128234460949898,3,0.5,65.55830293265169,65.55830293265169,0.9934537410736084,88.956967476397,-23.398664543745312,-23.398664543745312
4,21,0.1721472591161728,0.009238084778189659,0.044376835227012634,0.018031053245067596,1,-0.5,66.10146552123945,66.10146552123945,0.9937214851379395,88.85203407608424,-22.75056855484479,-22.75056855484479
4,22,0.17236217856407166,0.00907568633556366,0.003981004469096661,-0.04291309788823128,3,0.5,65.55830293265169,65.55830293265169,0.9934593439102173,88.74577029388514,-23.18746736123346,-23.18746736123346
4,23,0.172617569565773,0.00898954551666975,0.04170752316713333,0.016678543761372566,1,-0.5,66.10146552123945,66.10146552123945,0.9937148094177246,88.63869792926761,-22.53723240802816,-22.53723240802816
4,24,0.17280682921409607,0.008814942091703415,0.0014988626353442669,-0.0440148189663887,3,0.5,65.55830293265169,65.55830293265169,0.9934625625610352,88.53028597964635,-22.971983046994666,-22.971983046994666
4,25,0.1730383336544037,0.008718960918486118,0.039398062974214554,0.0158037431538105,1,-0.5,66.10146552123945,66.10146552123945,0.9936971664428711,88.42103375463164,-22.31956823339219,-22.31956823339219
4,26,0.17320536077022552,0.00853665266185999,-0.000651579350233078,-0.044685523957014084,3,0.5,65.26788780891205,65.26788780891205,0.9934636354446411,88.31044099817048,-23.042553189258427,-23.042553189258427
4,27,0.17341618239879608,0.008434894494712353,0.03739451617002487,0.015317615121603012,1,-0.5,66.10146552123945,66.10146552123945,0.9936568140983582,88.1989670330564,-22.097501511816958,-22.097501511816958
4,28,0.17356392741203308,0.008248545229434967,-0.0025197621434926987,-0.04500601440668106,3,0.5,65.26788780891205,65.26788780891205,0.9934630990028381,88.08617193834147,-22.818284129429415,-22.818284129429415
4,29,0.17375674843788147,0.008144309744238853,0.035651542246341705,0.01514680776745081,1,-0.5,66.10146552123945,66.10146552123945,0.9936226606369019,87.97243317104912,-21.87096764980967,-21.87096764980967
4,30,0.173887699842453,0.007956888526678085,-0.004147266037762165,-0.04504280164837837,3,0.5,65.26788780891205,65.26788780891205,0.9934611320495605,87.85738435395173,-22.58949654503968,-22.58949654503968
4,31,0.17406481504440308,0.007852846756577492,0.0341310016810894,0.015231085009872913,1,-0.5,66.10146552123945,66.10146552123945,0.9935935139656067,87.74133658777997,-21.639871066540522,-21.639871066540522
4,32,0.17418107390403748,0.007666756398975849,-0.005569049157202244,-0.04485035315155983,3,0.5,65.26788780891205,65.26788780891205,0.9934579730033875,87.6239829028428,-22.356095093930747,-22.356095093930747
4,33,0.1743444800376892,0.007565068081021309,0.0328008271753788,0.015521155670285225,1,-0.5,66.10146552123945,66.10146552123945,0.9935685992240906,87.50558073721153,-21.404115215972084,-21.404115215972084
4,34,0.1744478940963745,0.007382248993963003,-0.006814540363848209,-0.044473208487033844,3,0.5,65.26788780891205,65.26788780891205,0.9934538006782532,87.38587084645197,-22.117983037539915,-22.117983037539915
4,35,0.17459924519062042,0.00728465523570776,0.03163400664925575,0.015976840630173683,1,-0.5,66.10146552123945,66.10146552123945,0.993547260761261,87.26506772300375,-21.163602201764306,-21.163602201764306
4,36,0.1746913641691208,0.0071066683158278465,-0.00790855847299099,-0.04394765943288803,3,0.5,65.26788780891205,65.26788780891205,0.9934486746788025,87.1429499618611,-21.875062152949056,-21.875062152949056
4,37,0.17483215034008026,0.0070145693607628345,0.030607786029577255,0.01656557433307171,1,-0.5,66.10146552123945,66.10146552123945,0.9935289025306702,87.01969826988112,-20.91823274864167,-20.91823274864167
4,38,0.17491436004638672,0.006842671427875757,-0.0088719567283988,-0.043302811682224274,3,0.5,65.26788780891205,65.26788780891205,0.9934428334236145,86.89512057308126,-21.627232764169207,-21.627232764169207
4,39,0.17504581809043884,0.006757194176316261,0.029702961444854736,0.017261086031794548,1,-0.5,66.10146552123945,66.10146552123945,0.9935132265090942,86.76937145419964,-20.667905932960196,-20.667905932960196
4,40,0.17511925101280212,0.006592394318431616,-0.009722402319312096,-0.04256231710314751,3,0.5,65.26788780891205,65.26788780891205,0.993436336517334,86.64228103807126,-21.37439322915921,-21.37439322915921
4,41,0.17524246871471405,0.006514444015920162,0.028903335332870483,0.018042396754026413,1,-0.5,66.10146552123945,66.10146552123945,0.9934995174407959,86.51398454702417,-20.412519025784718,-20.412519025784718
4,42,0.17530815303325653,0.006357558071613312,-0.010474763810634613,-0.041744720190763474,3,0.5,65.26788780891205,65.26788780891205,0.9934293627738953,86.38432831271048,-21.11644050379843,-21.11644050379843
4,43,0.17542405426502228,0.006287870462983847,0.028195250779390335,0.018893061205744743,1,-0.5,66.10146552123945,66.10146552123945,0.9934877753257751,86.25343328276423,-20.151967761524787,-20.151967761524787
4,44,0.1754828691482544,0.0061395601369440556,-0.011141585186123848,-0.04086454212665558,3,0.5,65.26788780891205,65.26788780891205,0.9934218525886536,86.12115707822066,-20.853269269308612,-20.853269269308612
4,45,0.1755923181772232,0.006078733131289482,0.027567166835069656,0.019800323992967606,1,-0.5,66.10146552123945,66.10146552123945,0.993477463722229,85.98761133902224,-19.88614581778279,-19.88614581778279
4,46,0.17564503848552704,0.005939542315900326,-0.011733492836356163,-0.039932992309331894,3,0.5,65.26788780891205,65.26788780891205,0.9934139251708984,85.85266048010102,-20.584772671188972,-20.584772671188972
4,47,0.17574875056743622,0.005888070445507765,0.027009308338165283,0.02075442299246788,1,-0.5,66.10146552123945,66.10146552123945,0.9934686422348022,85.71641066154558,-19.614945140306133,-19.614945140306133
4,48,0.17579606175422668,0.005758453160524368,-0.012259451672434807,-0.0389583483338356,3,0.5,65.26788780891205,65.26788780891205,0.9934056997299194,85.57872931243513,-20.31084150352308,-20.31084150352308
4,49,0.17589464783668518,0.005716758780181408,0.026513442397117615,0.021748380735516548,1,-0.5,66.10146552123945,66.10146552123945,0.9934608936309814,85.43972082091436,-19.338255299674913,-19.338255299674913
4,50,0.17593713104724884,0.005597107112407684,-0.012727057561278343,-0.037946540862321854,3,0.5,65.26788780891205,65.26788780891205,0.9933969974517822,85.2992524518014,-20.031364642889343,-20.031364642889343
4,51,0.1760311871767044,0.005565558094531298,0.026072584092617035,0.022777359932661057,1,-0.5,66.10146552123945,66.10146552123945,0.9934542179107666,85.15742975186829,-19.055964230628845,-19.055964230628845
4,52,0.17606937885284424,0.005456222221255302,-0.01314270868897438,-0.036901336163282394,3,0.5,65.26788780891205,65.26788780891205,0.9933879375457764,85.0141167009672,-19.746228892055143,-19.746228892055143
4,53,0.17615938186645508,0.0054351529106497765,0.02568085491657257,0.023838460445404053,1,-0.5,66.10146552123945,66.10146552123945,0.9934484362602234,84.86942299335497,-18.767957472115526,-18.767957472115526
4,54,0.17619378864765167,0.005336457397788763,-0.013511830940842628,-0.03582489490509033,3,0.5,65.26788780891205,65.26788780891205,0.993378758430481,84.72320662332802,-19.455318814415975,-19.455318814415975
4,55,0.176280215382576,0.005326187238097191,0.025333262979984283,0.02493026666343212,1,-0.5,66.10146552123945,66.10146552123945,0.993443489074707,84.57558370191671,-18.474118180677266,-18.474118180677266
4,56,0.17631125450134277,0.0052384487353265285,-0.01383899711072445,-0.03471784293651581,3,0.5,65.26788780891205,65.26788780891205,0.9933689832687378,84.42640425539597,-19.158516446483915,-19.158516446483915
4,57,0.176394522190094,0.005239293910562992,0.025025619193911552,0.026052894070744514,1,-0.5,66.10146552123945,66.10146552123945,0.9934391975402832,84.27579320416892,-18.174327682929473,-18.174327682929473
4,58,0.176422581076622,0.005162833258509636,-0.014128035865724087,-0.03357943147420883,3,0.5,65.26788780891205,65.26788780891205,0.9933590292930603,84.12358990568549,-18.85570209677344,-18.85570209677344
4,59,0.17650306224822998,0.0051751225255429745,0.024754425510764122,0.027207709848880768,1,-0.5,66.10146552123945,66.10146552123945,0.9934355616569519,83.96993017817418,-17.868464656934734,-17.868464656934734
4,60,0.17652849853038788,0.005110276862978935,-0.014382150024175644,-0.03240768611431122,3,0.5,65.26788780891205,65.26788780891205,0.9933485388755798,83.81464102678508,-18.546753217873032,-18.546753217873032
4,61,0.17660649120807648,0.005134360399097204,0.024516738951206207,0.02839715965092182,1,-0.5,66.10146552123945,66.10146552123945,0.9934325814247131,83.65787119990858,-17.556405678669137,-17.556405678669137
4,62,0.17662963271141052,0.005081496201455593,-0.014604044146835804,-0.03119979053735733,3,0.5,65.26788780891205,65.26788780891205,0.9933376312255859,83.49943294796351,-18.231545139051462,-18.231545139051462
4,63,0.1767055094242096,0.005117755848914385,0.024310100823640823,0.029624519869685173,1,-0.5,66.10146552123945,66.10146552123945,0.9934300184249878,83.3394902189272,-17.23802469768775,-17.23802469768775
4,64,0.17672666907310486,0.005077274516224861,-0.014795921742916107,-0.029951825737953186,3,0.5,65.26788780891205,65.26788780891205,0.9933261871337891,83.17783858636587,-17.909950777453815,-17.909950777453815
4,65,0.1768006980419159,0.005126135423779488,0.024132532998919487,0.03089425340294838,1,-0.5,66.10146552123945,66.10146552123945,0.9934280514717102,83.0146589891233,-16.913193467883858,-16.913193467883858
4,66,0.17682014405727386,0.005098484922200441,-0.014959607273340225,-0.028659095987677574,3,0.5,65.26788780891205,65.26788780891205,0.993314266204834,82.84972821985009,-17.581840410938042,-17.581840410938042
4,67,0.17689260840415955,0.005160419270396233,0.023982353508472443,0.032211340963840485,1,-0.5,66.10146552123945,66.10146552123945,0.993426501750946,82.6832464178235,-16.58178089658405,-16.58178089658405
4,68,0.1769106537103653,0.005146101117134094,-0.015096576884388924,-0.02731611207127571,3,0.5,65.26788780891205,65.26788780891205,0.9933017492294312,82.51496961219449,-17.24708180328244,-17.24708180328244
4,69,0.1769818365573883,0.005221641156822443,0.023858288303017616,0.033581748604774475,1,-0.5,66.10146552123945,66.10146552123945,0.9934254288673401,82.34511905350006,-16.24365353226061,-16.24365353226061
4,70,0.17699870467185974,0.00522121787071228,-0.015207972377538681,-0.02591651678085327,3,0.5,65.26788780891205,65.26788780891205,0.9932884573936462,82.1734279036694,-16.905540094757356,-16.905540094757356
4,71,0.17706885933876038,0.005310961045324802,0.023759324103593826,0.03501223400235176,1,-0.5,66.10146552123945,66.10146552123945,0.9934245944023132,82.000140854824,-15.89867533358455,-15.89867533358455
4,72,0.177084818482399,0.005325067322701216,-0.015294646844267845,-0.024453148245811462,3,0.5,65.26788780891205,65.26788780891205,0.9932743310928345,81.82496591961787,-16.557078110705817,-16.557078110705817
4,73,0.17715418338775635,0.005429686047136784,0.023684730753302574,0.03651028871536255,1,-0.5,66.10146552123945,66.10146552123945,0.9934241771697998,81.64817332174246,-15.546707800503015,-15.546707800503015
4,74,0.17716948688030243,0.005459032952785492,-0.015357231721282005,-0.022918198257684708,3,0.5,65.26788780891205,65.26788780891205,0.9932594299316406,81.46944358037642,-16.20155577146437,-16.20155577146437
4,75,0.1772383153438568,0.005579279735684395,0.02363400161266327,0.03808414936065674,1,-0.5,66.10146552123945,66.10146552123945,0.993424117565155,81.28907489943917,-15.187609378199724,-15.187609378199724
4,76,0.17725317180156708,0.005624664016067982,-0.015396101400256157,-0.021302949637174606,3,0.5,65.26788780891205,65.26788780891205,0.993243396282196,81.10671796148891,-15.838830152576861,-15.838830152576861
4,77,0.1773216724395752,0.005761381238698959,0.02360687032341957,0.03974291309714317,1,-0.5,66.10146552123945,66.10146552123945,0.9934242963790894,80.92270158101688,-14.821236059777434,-14.821236059777434
4,78,0.17733635008335114,0.005823694635182619,-0.015411416068673134,-0.01959790661931038,3,0.5,65.26788780891205,65.26788780891205,0.9932262301445007,80.73664372185635,-15.468755912944303,-15.468755912944303
4,79,0.17740480601787567,0.005977824330329895,0.023603295907378197,0.041496582329273224,1,-0.5,66.10146552123945,66.10146552123945,0.9934247136116028,80.5489065572847,-14.447441036045248,-14.447441036045248
4,80,0.17741955816745758,0.006058060564100742,-0.01540311984717846,-0.017792649567127228,3,0.5,65.26788780891205,65.26788780891205,0.9932078123092651,80.35907256936676,-15.09118476045471,-15.09118476045471
4,81,0.17748819291591644,0.006230651400983334,0.02362341620028019,0.043355926871299744,1,-0.5,66.10146552123945,66.10146552123945,0.9934253692626953,80.16754015864393,-14.066074637404483,-14.066074637404483
4,82,0.17750321328639984,0.00632991548627615,-0.015370970591902733,-0.01587589643895626,3,0.5,65.26788780891205,65.26788780891205,0.993187665939331,79.97385332260731,-14.705965513695261,-14.705965513695261
4,83,0.17757225036621094,0.006522131152451038,0.023667553439736366,0.04533269628882408,1,-0.5,66.10146552123945,66.10146552123945,0.9934260845184326,79.7784501582505,-13.676984637011046,-13.676984637011046
4,84,0.1775878220796585,0.006641651503741741,-0.015314540825784206,-0.013835407793521881,3,0.5,65.26788780891205,65.26788780891205,0.9931660294532776,79.58083239770916,-14.312944588797109,-14.312944588797109
4,85,0.17765752971172333,0.006854783743619919,0.02373625710606575,0.04743972793221474,1,-0.5,66.10146552123945,66.10146552123945,0.9934267997741699,79.38148118005644,-13.280015658816993,-13.280015658816993
4,86,0.17767390608787537,0.006995917297899723,-0.015233201906085014,-0.01165785826742649,3,0.5,65.26788780891205,65.26788780891205,0.9931423664093018,79.17985290937604,-13.911965100463988,-13.911965100463988
4,87,0.1777445375919342,0.007231396622955799,0.023830223828554153,0.049690768122673035,1,-0.5,66.10146552123945,66.10146552123945,0.9934274554252625,78.976475295926,-12.875009774686546,-12.875009774686546
4,88,0.177761971950531,0.007395646069198847,-0.015126151964068413,-0.00932888500392437,3,0.5,65.26788780891205,65.26788780891205,0.9931164383888245,78.77075539444519,-13.502867585533139,-13.502867585533139
4,89,0.17783378064632416,0.007655047345906496,0.023950356990098953,0.05210084095597267,1,-0.5,66.10146552123945,66.10146552123945,0.993428111076355,78.56327167278421,-12.461806151544764,-12.461806151544764
4,90,0.17785251140594482,0.007844069041311741,-0.014992393553256989,-0.006832856219261885,3,0.5,65.26788780891205,65.26788780891205,0.9930880069732666,78.35337733505844,-13.08548952614639,-13.08548952614639
4,91,0.17792578041553497,0.008129133842885494,0.02409776858985424,0.05468627065420151,1,-0.5,66.10146552123945,66.10146552123945,0.9934284090995789,78.14170639200523,-12.040240870765786,-12.040240870765786
4,92,0.17794612050056458,0.00834475178271532,-0.014830702915787697,-0.004152740351855755,3,0.5,65.26788780891205,65.26788780891205,0.9930567741394043,77.92755351808653,-12.659665709174476,-12.659665709174476
4,93,0.1780211627483368,0.008657390251755714,0.024273723363876343,0.05746457725763321,1,-0.5,66.10146552123945,66.10146552123945,0.993428111076355,77.71161287267387,-11.61014735143442,-11.61014735143442
4,94,0.1780434101819992,0.008901610970497131,-0.014639731496572495,-0.0012703482061624527,3,0.5,65.26788780891205,65.26788780891205,0.993022084236145,77.49311592080556,-12.225228111893514,-12.225228111893514
4,95,0.17812049388885498,0.009243926033377647,0.024479718878865242,0.06045487895607948,1,-0.5,66.10146552123945,66.10146552123945,0.9934089183807373,77.27282205714083,-11.171356535901381,-11.171356535901381
4,96,0.17814496159553528,0.009518953040242195,-0.014417838305234909,0.0018343431875109673,2,0.0,65.25637898609452,65.25637898609452,0.993414044380188,77.04991226137383,-11.793533275279316,-11.793533275279316
4,97,0.1780107617378235,0.00956354383379221,-0.01283351518213749,0.005721486639231443,2,0.0,65.25637898609452,65.25637898609452,0.993416965007782,76.82474567373096,-11.568366687636441,-11.568366687636441
4,98,0.17789176106452942,0.009646045044064522,-0.011365488171577454,0.009436843916773796,2,0.0,65.25637898609452,65.25637898609452,0.9934179782867432,76.597301725983,-11.340922739888484,-11.340922739888484
4,99,0.17778685688972473,0.009764880873262882,-0.01000305637717247,0.01300259493291378,2,0.0,65.25637898609452,65.25637898609452,0.9934169054031372,76.36755934110734,-11.11118035501282,-11.11118035501282
4,100,0.17769503593444824,0.009918689727783203,-0.008736391551792622,0.016439372673630714,2,0.0,65.25637898609452,65.25637898609452,0.9934139847755432,76.13549740980223,-10.879118423707709,-10.879118423707709
4,101,0.17761540412902832,0.010106307454407215,-0.00755645427852869,0.019766442477703094,2,0.0,65.25637898609452,65.25637898609452,0.9934091567993164,75.90109436871383,-10.64471538261931,-10.64471538261931
4,102,0.1775471568107605,0.010326751507818699,-0.006454971618950367,0.02300162985920906,2,0.0,65.25637898609452,65.25637898609452,0.9934024810791016,75.66432849688334,-10.407949510788825,-10.407949510788825
4,103,0.17748954892158508,0.010579212568700314,-0.005424334201961756,0.026161624118685722,2,0.0,65.25637898609452,65.25637898609452,0.9933939576148987,75.42517779374165,-10.168798807647136,-10.168798807647136
4,104,0.17744189500808716,0.010863042436540127,-0.004457544069737196,0.029262054711580276,2,0.0,65.25637898609452,65.25637898609452,0.9933835864067078,75.18362003649167,-9.927241050397157,-9.927241050397157
4,105,0.17740359902381897,0.01117774285376072,-0.0035481476224958897,0.03231765702366829,2,0.0,65.25637898609452,65.25637898609452,0.9933712482452393,74.93963277786361,-9.68325379176909,-9.68325379176909
4,106,0.17737415432929993,0.011522956192493439,-0.0026902274694293737,0.035342175513505936,2,0.0,65.25637898609452,65.25637898609452,0.9933570623397827,74.69319346426099,-9.436814478166468,-9.436814478166468
4,107,0.17735305428504944,0.011898459866642952,-0.0018783127889037132,0.038348689675331116,2,0.0,65.25637898609452,65.25637898609452,0.9933408498764038,74.4442791938598,-9.187900207765281,-9.187900207765281
4,108,0.17733986675739288,0.012304156087338924,-0.00110736140049994,0.041349541395902634,2,0.0,65.25637898609452,65.25637898609452,0.9933226704597473,74.19286701412464,-8.936488028030126,-8.936488028030126
4,109,0.1773342341184616,0.012740068137645721,-0.00037269300082698464,0.0443565770983696,2,0.0,65.25637898609452,65.25637898609452,0.9932957887649536,73.93893368046959,-8.68255469437507,-8.68255469437507
4,110,0.17733582854270935,0.013206337578594685,0.0003299918898846954,0.0473809652030468,1,-0.5,66.10146552123945,66.10146552123945,0.9931430220603943,73.68246251687337,-7.5809969956339245,-7.5809969956339245
4,111,0.17713072896003723,0.013373528607189655,-0.03654453903436661,-0.007517815101891756,3,0.5,65.26788780891205,65.26788780891205,0.9932137727737427,73.42355504526563,-8.15566723635358,-8.15566723635358
4,112,0.17699991166591644,0.013675631955265999,0.004452744964510202,0.057778194546699524,1,-0.5,66.10146552123945,66.10146552123945,0.9932118654251099,73.16196088130494,-7.060495360065488,-7.060495360065488
4,113,0.17683444917201996,0.013944920152425766,-0.03270556032657623,0.0025154114700853825,2,0.0,65.25637898609452,65.25637898609452,0.9932282567024231,72.8977262786665,-7.641347292571979,-7.641347292571979
4,114,0.1765269786119461,0.014016159810125828,-0.029514851048588753,0.009551978670060635,2,0.0,65.25637898609452,65.25637898609452,0.9932399988174438,72.63080608279199,-7.374427096697474,-7.374427096697474
4,115,0.17625008523464203,0.01415579579770565,-0.026559410616755486,0.016237888485193253,2,0.0,65.25637898609452,65.25637898609452,0.9932472109794617,72.36117786260056,-7.104798876506038,-7.104798876506038
4,116,0.17600154876708984,0.014360597357153893,-0.0238180011510849,0.02261623553931713,2,0.0,65.25637898609452,65.25637898609452,0.9932499527931213,72.0888188400213,-6.832439853926786,-6.832439853926786
4,117,0.17577935755252838,0.014627743512392044,-0.021271150559186935,0.02872685343027115,2,0.0,65.25637898609452,65.25637898609452,0.9932485222816467,71.81370594669514,-6.557326960600619,-6.557326960600619
4,118,0.17558163404464722,0.014954792335629463,-0.018901001662015915,0.03460666537284851,2,0.0,65.25637898609452,65.25637898609452,0.9932428002357483,71.53581558021564,-6.2794365941211225,-6.2794365941211225
4,119,0.17540672421455383,0.015339657664299011,-0.01669115573167801,0.0402899906039238,2,0.0,65.25637898609452,65.25637898609452,0.9932329058647156,71.25512402018171,-5.998745034087193,-5.998745034087193
4,120,0.17525315284729004,0.015780584886670113,-0.014626545831561089,0.04580880329012871,2,0.0,65.25637898609452,65.25637898609452,0.9932188391685486,70.97160718617879,-5.715228200084269,-5.715228200084269
4,121,0.17511950433254242,0.016276119276881218,-0.01269333902746439,0.051192887127399445,2,0.0,65.25637898609452,65.25637898609452,0.9932004809379578,70.68524075455579,-5.4288617684612746,-5.4288617684612746
4,122,0.17500454187393188,0.016825096681714058,-0.010878798551857471,0.05647016689181328,2,0.0,65.25637898609452,65.25637898609452,0.9931777715682983,70.39600027638166,-5.139621290287138,-5.139621290287138
4,123,0.17490722239017487,0.0174266267567873,-0.009171235375106335,0.06166669353842735,2,0.0,65.25637898609452,65.25637898609452,0.9931506514549255,70.10386111597309,-4.847482129878571,-4.847482129878571
4,124,0.1748264580965042,0.018080057576298714,-0.0075598424300551414,0.06680714339017868,2,0.0,65.25637898609452,65.25637898609452,0.9931188821792603,69.80879844900825,-4.552419462913733,-4.552419462913733
4,125,0.17476141452789307,0.018784983083605766,-0.006034702993929386,0.07191458344459534,2,0.0,65.25637898609452,65.25637898609452,0.9930823445320129,69.5107874412414,-4.254408455146887,-4.254408455146887
4,126,0.17471124231815338,0.019541222602128983,-0.004586621653288603,0.07701105624437332,2,0.0,65.25637898609452,65.25637898609452,0.9930409789085388,69.20980312798929,-3.9534241418947715,-3.9534241418947715
4,127,0.17467524111270905,0.02034880593419075,-0.0032071315217763186,0.08211737871170044,2,0.0,65.25637898609452,65.25637898609452,0.9929943680763245,68.90582035260682,-3.649441366512306,-3.649441366512306
4,128,0.17465278506278992,0.02120796963572502,-0.0018883958691731095,0.0872533768415451,2,0.0,65.25637898609452,65.25637898609452,0.9929422736167908,68.59881412578838,-3.342435139693862,-3.342435139693862
4,129,0.17464327812194824,0.02211913838982582,-0.0006231305305846035,0.09243818372488022,2,0.0,65.25637898609452,65.25637898609452,0.9928725361824036,68.28875944663797,-3.0323804605434503,-3.0323804605434503
4,130,0.17464622855186462,0.023082930594682693,0.0005953892250545323,0.09769000858068466,1,-0.5,66.10146552123945,66.10146552123945,0.9927653670310974,67.9756433438945,-1.8741778226550565,-1.8741778226550565
4,131,0.1744476854801178,0.02377058006823063,-0.035768162459135056,0.04509757459163666,2,0.0,65.25637898609452,65.25637898609452,0.9927546977996826,67.65947270390244,-2.40309371780792,-2.40309371780792
4,132,0.1741148829460144,0.024286972358822823,-0.0318276546895504,0.05478804558515549,2,0.0,65.25637898609452,65.25637898609452,0.9927350878715515,67.34011919808358,-2.083740211989067,-2.083740211989067
4,133,0.17382000386714935,0.024898586794734,-0.028155149891972542,0.06414540112018585,2,0.0,65.25637898609452,65.25637898609452,0.9927065372467041,67.01755970728489,-1.761180721190371,-1.761180721190371
4,134,0.17356054484844208,0.025602441281080246,-0.024725576862692833,0.07322267442941666,2,0.0,65.25637898609452,65.25637898609452,0.9926688075065613,66.69177087882645,-1.4353918927319285,-1.4353918927319285
4,135,0.17333421111106873,0.02639605477452278,-0.02151588164269924,0.08206932991743088,2,0.0,65.25637898609452,65.25637898609452,0.9926218390464783,66.36272936496958,-1.1063503788750637,-1.1063503788750637
4,136,0.17313890159130096,0.027277419343590736,-0.018504885956645012,0.09073155373334885,2,0.0,65.25637898609452,65.25637898609452,0.9925652742385864,66.03041164234656,-0.7740326562520465,-0.7740326562520465
4,137,0.17297275364398956,0.028244977816939354,-0.015673108398914337,0.09925264865159988,2,0.0,65.25637898609452,65.25637898609452,0.9924989342689514,65.69479431122018,-0.4384153251256606,-0.4384153251256606
4,138,0.1728341281414032,0.029297590255737305,-0.013002587482333183,0.10767337679862976,2,0.0,65.25637898609452,65.25637898609452,0.9924222826957703,65.35585391611235,-0.09947493001783414,-0.09947493001783414
4,139,0.1727214902639389,0.030434507876634598,-0.010476811788976192,0.11603198200464249,2,0.0,65.25637898609452,65.25637898609452,0.9923348426818848,65.01356730648139,0.24281167961312633,0.24281167961312633
4,140,0.17263349890708923,0.03165534883737564,-0.008080515079200268,0.12436481565237045,2,0.0,65.25637898609452,65.25637898609452,0.9922361373901367,64.66791157959547,0.5884674064990492,0.5884674064990492
4,141,0.1725689321756363,0.03296009078621864,-0.005799613893032074,0.13270628452301025,2,0.0,65.25637898609452,65.25637898609452,0.992125391960144,64.31886408303569,0.9375149030588261,0.9375149030588261
4,142,0.17252670228481293,0.03434904292225838,-0.0036210932303220034,0.14108915627002716,2,0.0,65.25637898609452,65.25637898609452,0.992002010345459,63.966402718258124,1.2899762678363942,1.2899762678363942
4,143,0.17250590026378632,0.035822827368974686,-0.0015328932786360383,0.14954479038715363,2,0.0,65.25637898609452,65.25637898609452,0.9918556213378906,63.61050576556835,1.6458732205261697,1.6458732205261697
4,144,0.1725056767463684,0.03738238662481308,0.00047614582581445575,0.15810319781303406,1,-0.5,66.10146552123945,66.10146552123945,0.9916683435440063,63.25116176184895,2.850303759390499,2.850303759390499
4,145,0.17231184244155884,0.038699693977832794,-0.03510678559541702,0.1089184358716011,2,0.0,65.25637898609452,65.25637898609452,0.991578996181488,62.88837719020701,2.3680017958875084,2.3680017958875084
4,146,0.17199134826660156,0.03988009691238403,-0.030429773032665253,0.12201692163944244,2,0.0,65.25637898609452,65.25637898609452,0.9914714097976685,62.522018377803555,2.734360608290963,2.734360608290963
4,147,0.17171610891819,0.041190486401319504,-0.026041405275464058,0.13485167920589447,2,0.0,65.25637898609452,65.25637898609452,0.9913449883460999,62.15206764445039,3.1043113416441273,3.1043113416441273
4,148,0.17148344218730927,0.04262864217162132,-0.021913304924964905,0.14748600125312805,2,0.0,65.25637898609452,65.25637898609452,0.9911987781524658,61.77850773343868,3.477871252655838,3.477871252655838
4,149,0.17129084467887878,0.044192951172590256,-0.01801935024559498,0.15997955203056335,2,0.0,65.25637898609452,65.25637898609452,0.9910320043563843,61.401322177056784,3.855056809037734,3.855056809037734
4,150,0.17113615572452545,0.045882370322942734,-0.014335498213768005,0.17238831520080566,2,0.0,65.25637898609452,65.25637898609452,0.9908434748649597,61.020495123939796,4.235883862154722,4.235883862154722
4,151,0.17101742327213287,0.047696422785520554,-0.01083954144269228,0.18476556241512299,2,0.0,65.25637898609452,65.25637898609452,0.9906318783760071,60.63601176674226,4.620367219352261,4.620367219352261
4,152,0.1709328591823578,0.04963511973619461,-0.007511031348258257,0.19716158509254456,2,0.0,65.25637898609452,65.25637898609452,0.9903956651687622,60.247858473097224,5.008520512997293,5.008520512997293
4,153,0.17088094353675842,0.05169898271560669,-0.004331055097281933,0.2096242904663086,2,0.0,65.25637898609452,65.25637898609452,0.99013352394104,59.85602303831158,5.400355947782941,5.400355947782941
4,154,0.17086026072502136,0.053888991475105286,-0.0012820990523323417,0.22219964861869812,0,-1.0,59.96639455395799,59.96639455395799,0.9897739887237549,59.46049445896014,0.5059000949978483,0.5059000949978483
4,155,0.1704430729150772,0.05554913729429245,-0.07333078980445862,0.11936838179826736,0,-1.0,59.96639455395799,59.96639455395799,0.9895780086517334,59.06133380831958,0.9050607456384085,0.9050607456384085
4,156,0.16933684051036835,0.05623127892613411,-0.13988782465457916,0.025235112756490707,0,-1.0,59.96639455395799,59.96639455395799,0.9889249205589294,58.658339191583686,1.3080553623743043,1.3080553623743043
4,157,0.16759370267391205,0.056016966700553894,-0.20142343640327454,-0.061076901853084564,2,0.0,59.36379437847489,59.36379437847489,0.9894561171531677,58.251933607095715,1.1118607713791775,1.1118607713791775
4,158,0.16568788886070251,0.05563678592443466,-0.18338721990585327,-0.024818256497383118,2,0.0,59.36379437847489,59.36379437847489,0.9898180365562439,57.84088635347732,1.5229080249975695,1.5229080249975695
4,159,0.16395461559295654,0.05560673400759697,-0.16671933233737946,0.009283359162509441,0,-1.0,59.96639455395799,59.96639455395799,0.9890684485435486,57.425321532243515,2.5410730217144746,2.5410730217144746
4,160,0.16195432841777802,0.05524938926100731,-0.22627969086170197,-0.0740862637758255,2,0.0,59.36379437847489,59.36379437847489,0.9896542429924011,57.00631624616158,2.357478132313311,2.357478132313311
4,161,0.15981024503707886,0.0547541081905365,-0.20642033219337463,-0.03513587638735771,2,0.0,59.36379437847489,59.36379437847489,0.9901435375213623,56.582486871888065,2.7813075065868276,2.7813075065868276
4,162,0.15785610675811768,0.05463447794318199,-0.18807151913642883,0.0014216220006346703,0,-1.0,59.96639455395799,59.96639455395799,0.9893563389778137,56.15388215592596,3.812512398032027,3.812512398032027
4,163,0.1556510031223297,0.05421077832579613,-0.24608583748340607,-0.07971923798322678,2,0.0,59.36379437847489,59.36379437847489,0.9899767637252808,55.721743249442575,3.6420511290323176,3.6420511290323176
4,164,0.15331688523292542,0.053670383989810944,-0.22479493916034698,-0.03871922567486763,2,0.0,59.36379437847489,59.36379437847489,0.990510880947113,55.28461261183565,4.079181766639245,4.079181766639245
4,165,0.15118640661239624,0.05352511629462242,-0.20512406527996063,-0.00028715841472148895,2,0.0,59.36379437847489,59.36379437847489,0.990607500076294,54.84252700089751,4.521267377577381,4.521267377577381
4,166,0.14924417436122894,0.05375104397535324,-0.18693237006664276,0.03585240989923477,0,-1.0,59.96639455395799,59.96639455395799,0.9901160001754761,54.395878283657794,5.570516270300196,5.570516270300196
4,167,0.14704962074756622,0.05366935208439827,-0.24507804214954376,-0.045620061457157135,2,0.0,59.36379437847489,59.36379437847489,0.9906889200210571,53.945214427759915,5.418579950714978,5.418579950714978
4,168,0.14472495019435883,0.053468406200408936,-0.2238868623971939,-0.004846640862524509,2,0.0,59.36379437847489,59.36379437847489,0.9908432364463806,53.48941970478673,5.874374673688166,5.874374673688166
4,169,0.1426030993461609,0.05366096645593643,-0.2042914777994156,0.03344690427184105,0,-1.0,59.96639455395799,59.96639455395799,0.9903554320335388,53.0288651195357,6.937529434422288,6.937529434422288
4,170,0.140242338180542,0.053566474467515945,-0.2611406445503235,-0.04604199901223183,2,0.0,59.36379437847489,59.36379437847489,0.9909510612487793,52.56415119949713,6.79964317897776,6.79964317897776
4,171,0.1377638429403305,0.05337169021368027,-0.23875029385089874,-0.0034357085824012756,2,0.0,59.36379437847489,59.36379437847489,0.9910930395126343,52.094141553786216,7.269652824688677,7.269652824688677
4,172,0.13549965620040894,0.05358797684311867,-0.21804514527320862,0.03655412793159485,0,-1.0,59.96639455395799,59.96639455395799,0.990650475025177,51.61924092350867,8.34715363044932,8.34715363044932
4,173,0.13300718367099762,0.053533464670181274,-0.2738667130470276,-0.04136155918240547,2,0.0,59.36379437847489,59.36379437847489,0.9912291765213013,51.13999035200353,8.223804026471363,8.223804026471363
4,174,0.13040687143802643,0.05339380353689194,-0.25052329897880554,0.0027098432183265686,0,-1.0,59.96639455395799,59.96639455395799,0.9905353784561157,50.65531431866892,9.311080235289069,9.311080235289069
4,175,0.12760335206985474,0.053021807223558426,-0.30392321944236755,-0.07151232659816742,2,0.0,59.36379437847489,59.36379437847489,0.9912185072898865,50.166443373952326,9.197351004522567,9.197351004522567
4,176,0.12471507489681244,0.0525994673371315,-0.27835482358932495,-0.02409505657851696,2,0.0,59.36379437847489,59.36379437847489,0.991600751876831,49.67194430976004,9.69185006871485,9.69185006871485
4,177,0.12207143008708954,0.05263382941484451,-0.2547208070755005,0.020288795232772827,0,-1.0,59.96639455395799,59.96639455395799,0.9910605549812317,49.17206419988203,10.79433035407596,10.79433035407596
4,178,0.11922743916511536,0.05243903771042824,-0.30784642696380615,-0.053624264895915985,3,0.5,65.26788780891205,65.26788780891205,0.9918211698532104,48.667680449394744,16.600207359517306,16.600207359517306
4,179,0.11651469022035599,0.052525971084833145,-0.24451477825641632,0.051916953176259995,0,-1.0,59.96639455395799,59.96639455395799,0.9915403127670288,48.15743361569852,11.808960938259467,11.808960938259467
4,180,0.11376837641000748,0.05264059826731682,-0.29840904474258423,-0.023189617320895195,2,0.0,59.36379437847489,59.36379437847489,0.9919115304946899,47.64231646760757,11.721477910867321,11.721477910867321
4,181,0.11093274503946304,0.05269727483391762,-0.2732689082622528,0.023521997034549713,0,-1.0,59.96639455395799,59.96639455395799,0.991418719291687,47.12162114859887,12.84477340535912,12.84477340535912
4,182,0.10791120678186417,0.05254713073372841,-0.32499969005584717,-0.04823050647974014,2,0.0,59.36379437847489,59.36379437847489,0.9920734167098999,46.596164070007255,12.767630308467638,12.767630308467638
4,183,0.10482097417116165,0.05237068608403206,-0.29787254333496094,0.001524097751826048,2,0.0,65.25637898609452,65.25637898609452,0.9921765327453613,46.064738033633695,19.191640952460823,19.191640952460823
4,184,0.10199038684368134,0.05267371982336044,-0.27278444170951843,0.04812116175889969,0,-1.0,59.96639455395799,59.96639455395799,0.9918922781944275,45.527839899887205,14.438554654070785,14.438554654070785
4,185,0.09897349029779434,0.052769239991903305,-0.3245507478713989,-0.023683566600084305,2,0.0,59.36379437847489,59.36379437847489,0.9922643899917603,44.985805678477554,14.377988699997339,14.377988699997339
4,186,0.09588765352964401,0.052838388830423355,-0.2974437475204468,0.026078812777996063,0,-1.0,59.96639455395799,59.96639455395799,0.9918155670166016,44.437920493419995,15.528474060537995,15.528474060537995
4,187,0.09263474494218826,0.05272996425628662,-0.34735357761383057,-0.04284447059035301,2,0.0,59.36379437847489,59.36379437847489,0.9924018383026123,43.88495447111454,15.478839907360353,15.478839907360353
4,188,0.08933059871196747,0.05262240394949913,-0.3185402452945709,0.00953756459057331,0,-1.0,59.96639455395799,59.96639455395799,0.991829514503479,43.32581074021407,16.640583813743923,16.640583813743923
4,189,0.08587563782930374,0.05236203223466873,-0.36688148975372314,-0.05700550973415375,3,0.5,65.26788780891205,65.26788780891205,0.9926161766052246,42.761597197687465,22.506290611224586,22.506290611224586
4,190,0.08259770274162292,0.05245384946465492,-0.2991265654563904,0.05534146726131439,2,0.0,65.25637898609452,65.25637898609452,0.9926373362541199,42.190889920285095,23.065489065809423,23.065489065809423
4,191,0.07975515723228455,0.053296081721782684,-0.27393651008605957,0.10212071239948273,0,-1.0,59.96639455395799,59.96639455395799,0.992504894733429,41.61439654952624,18.35199800443175,18.35199800443175
4,192,0.07672750949859619,0.053933534771203995,-0.32557806372642517,0.03061848133802414,0,-1.0,59.96639455395799,59.96639455395799,0.9921168684959412,41.032213792720015,18.934180761237975,18.934180761237975
4,193,0.07320571690797806,0.05389098823070526,-0.3733173608779907,-0.034788139164447784,2,0.0,59.36379437847489,59.36379437847489,0.9925969839096069,40.44454234770109,18.919252030773805,18.919252030773805
4,194,0.0696534514427185,0.05388307943940163,-0.3424975574016571,0.020861031487584114,0,-1.0,59.96639455395799,59.96639455395799,0.9921373128890991,39.85044986241564,20.115944691542353,20.115944691542353
4,195,0.06596966087818146,0.05375397950410843,-0.3889716863632202,-0.042606059461832047,2,0.0,59.36379437847489,59.36379437847489,0.9926992654800415,39.250820757097515,20.112973621377378,20.112973621377378
4,196,0.062267474830150604,0.053677935153245926,-0.35698559880256653,0.014818442985415459,0,-1.0,59.96639455395799,59.96639455395799,0.9921958446502686,38.644567163249974,21.321827390708016,21.321827390708016
4,197,0.05844489857554436,0.0534975565969944,-0.4023852050304413,-0.047025714069604874,2,0.0,59.36379437847489,59.36379437847489,0.9927999377250671,38.032698301615866,21.331096076859026,21.331096076859026
4,198,0.05461420118808746,0.05338567867875099,-0.3694065809249878,0.011889382265508175,0,-1.0,59.96639455395799,59.96639455395799,0.992276132106781,37.414038751404846,22.552355802553144,22.552355802553144
4,199,0.050672587007284164,0.05318364500999451,-0.4138910174369812,-0.04859035462141037,2,0.0,59.36379437847489,59.36379437847489,0.9928889274597168,36.789659211412186,22.574135167062707,22.574135167062707
4,200,0.0467316135764122,0.053063150495290756,-0.38006556034088135,0.011583028361201286,0,-1.0,59.96639455395799,59.96639455395799,0.9923644661903381,36.15835382217421,23.808040731783777,23.808040731783777
4,201,0.04268782585859299,0.052864477038383484,-0.42376840114593506,-0.0477420873939991,2,0.0,59.36379437847489,59.36379437847489,0.9929580092430115,35.52120136968068,23.84259300879421,23.84259300879421
4,202,0.038652170449495316,0.05275840684771538,-0.38921818137168884,0.013501180335879326,0,-1.0,59.96639455395799,59.96639455395799,0.9924498200416565,34.87701349539159,25.089381058566403,25.089381058566403
4,203,0.03452063351869583,0.05258439853787422,-0.4322511851787567,-0.04483812302350998,2,0.0,59.36379437847489,59.36379437847489,0.9930001497268677,34.22683199530296,25.136962383171934,25.136962383171934
4,204,0.030403660610318184,0.052512478083372116,-0.3970786929130554,0.017323479056358337,0,-1.0,59.96639455395799,59.96639455395799,0.9925227165222168,33.56952711674353,26.39686743721446,26.39686743721446
4,205,0.02619677223265171,0.052381426095962524,-0.43953531980514526,-0.04016454890370369,3,0.5,65.26788780891205,65.26788780891205,0.9930588006973267,32.9060650507286,32.36182275818345,32.36182275818345
4,206,0.022223306819796562,0.05268947780132294,-0.366329550743103,0.08059079945087433,0,-1.0,59.96639455395799,59.96639455395799,0.9928969740867615,32.23535984851644,27.73103470544155,27.73103470544155
4,207,0.018310880288481712,0.053171273320913315,-0.4110774099826813,0.019614405930042267,0,-1.0,59.96639455395799,59.96639455395799,0.9924392104148865,31.55804330750473,28.40835124645326,28.40835124645326
4,208,0.013970250263810158,0.053073517978191376,-0.4524480700492859,-0.0360972061753273,2,0.0,59.36379437847489,59.36379437847489,0.9928614497184753,30.874347572818024,28.48944680565687,28.48944680565687
4,209,0.009660120122134686,0.05310313403606415,-0.4157356321811676,0.028512516990303993,0,-1.0,59.96639455395799,59.96639455395799,0.9924741387367249,30.18331931626217,29.78307523769582,29.78307523769582
4,210,0.005274869501590729,0.05309731140732765,-0.45675984025001526,-0.02667354978621006,2,0.0,59.36379437847489,59.36379437847489,0.9927775263786316,29.485702199520652,29.87809217895424,29.87809217895424
4,211,0.0009234733879566193,0.053224049508571625,-0.4197220206260681,0.038443390280008316,0,-1.0,59.96639455395799,59.96639455395799,0.9924688339233398,28.78073199307275,31.18566256088524,31.18566256088524
4,212,-0.003499888349324465,0.05332038924098015,-0.46043989062309265,-0.016249291598796844,1,-0.5,60.44769500461051,60.44769500461051,0.992505669593811,28.068952686009503,32.378742318601006,32.378742318601006
4,213,-0.00809972919523716,0.053225431591272354,-0.4606088697910309,-0.008443118073046207,1,-0.5,60.44769500461051,60.44769500461051,0.9925257563591003,27.34994648122797,33.097748523382535,33.097748523382535
4,214,-0.012701223604381084,0.05320848524570465,-0.46076950430870056,-0.0006364716100506485,1,-0.5,60.44769500461051,60.44769500461051,0.9924573302268982,26.623657297847345,33.824037706763164,33.824037706763164
4,215,-0.017304258421063423,0.05326969921588898,-0.46091827750205994,0.0071877408772706985,4,1.0,32.0816843639421,32.0816843639421,0.9925228953361511,25.89010097739439,6.191583386547713,6.191583386547713
4,216,-0.021268784999847412,0.054395634680986404,-0.3485690951347351,0.1884133368730545,4,1.0,32.0816843639421,32.0816843639421,0.9923738241195679,25.149068769755797,6.932615594186306,6.932615594186306
4,217,-0.02415735460817814,0.05726192519068718,-0.24458980560302734,0.35693877935409546,4,1.0,32.0816843639421,32.0816843639421,0.9919979572296143,24.40070196528912,7.680982398652983,7.680982398652983
4,218,-0.026049554347991943,0.06174979731440544,-0.14828413724899292,0.5140843987464905,4,1.0,32.0816843639421,32.0816843639421,0.9913681149482727,23.64515556369647,8.436528800245632,8.436528800245632
4,219,-0.027018345892429352,0.06775303930044174,-0.059014175087213516,0.6610644459724426,4,1.0,32.0816843639421,32.0816843639421,0.9899682402610779,22.88261358459414,9.199070779347963,9.199070779347963
4,220,-0.027130641043186188,0.07517692446708679,0.023802604526281357,0.7989924550056458,0,-1.0,31.572774693014566,31.572774693014566,0.9890411496162415,22.113783176094003,9.458991516920563,9.458991516920563
4,221,-0.027299540117383003,0.082626573741436,-0.04900232329964638,0.6985185742378235,4,1.0,32.0816843639421,32.0816843639421,0.9871422052383423,21.338123259068446,10.743561104873656,10.743561104873656
4,222,-0.02731095626950264,0.09044220298528671,0.03369559347629547,0.838371217250824,0,-1.0,31.572774693014566,31.572774693014566,0.9860932230949402,20.55654651902031,11.016228173994257,11.016228173994257
4,223,-0.027378909289836884,0.09830686450004578,-0.039006203413009644,0.7405147552490234,4,1.0,32.0816843639421,32.0816843639421,0.9836482405662537,19.76813464234886,12.313549721593244,12.313549721593244
4,224,-0.02728954888880253,0.10656042397022247,0.0435745008289814,0.8823758959770203,1,-0.5,25.444315488911016,25.444315488911016,0.9822731018066406,18.9742286886693,6.470086800241717,6.470086800241717
4,225,-0.027044115588068962,0.11521369963884354,0.008332673460245132,0.8446190357208252,1,-0.5,25.444315488911016,25.444315488911016,0.9802907705307007,18.173692511982484,7.270622976928532,7.270622976928532
4,226,-0.027132565155625343,0.12352782487869263,-0.02380478009581566,0.8129661083221436,2,0.0,25.308514358576126,25.308514358576126,0.9780784845352173,17.367072466112912,7.941441892463214,7.941441892463214
4,227,-0.02731357514858246,0.13188543915748596,-0.01586979813873768,0.8439690470695496,2,0.0,25.308514358576126,25.308514358576126,0.9756311178207397,16.554539375331004,8.753974983245122,8.753974983245122
4,228,-0.027415752410888672,0.14056167006492615,-0.008153708651661873,0.8758862614631653,2,0.0,25.308514358576126,25.308514358576126,0.9729290008544922,15.736270967182085,9.572243391394041,9.572243391394041
4,229,-0.027441130951046944,0.1495661735534668,-0.0006321798427961767,0.9088006615638733,2,0.0,25.308514358576126,25.308514358576126,0.9698165655136108,14.912466632654134,10.396047725921992,10.396047725921992
4,230,-0.027391521260142326,0.15890949964523315,0.006716630421578884,0.9427925944328308,0,-1.0,18.278678180011568,18.278678180011568,0.9667087197303772,14.083484916303558,4.19519326370801,4.19519326370801
4,231,-0.027689745649695396,0.16796116530895233,-0.06012299656867981,0.865149974822998,3,0.5,17.956585103131964,17.956585103131964,0.9634875655174255,13.249268885427455,4.707316217704509,4.707316217704509
4,232,-0.027993060648441315,0.1772564947605133,-0.010545922443270683,0.9660842418670654,3,0.5,17.956585103131964,17.956585103131964,0.9590016007423401,12.409880121121242,5.546704982010722,5.546704982010722
4,233,-0.027819514274597168,0.1875421553850174,0.03560416400432587,1.0630968809127808,0,-1.0,18.278678180011568,18.278678180011568,0.955443263053894,11.56654395997869,6.712134220032878,6.712134220032878
4,234,-0.02783016487956047,0.19782982766628265,-0.031845346093177795,0.9893486499786377,3,0.5,17.956585103131964,17.956585103131964,0.950789213180542,10.718283532247268,7.238301570884696,7.238301570884696
4,235,-0.027855049818754196,0.2083914875984192,0.01656816154718399,1.0925720930099487,0,-1.0,18.278678180011568,18.278678180011568,0.9462569355964661,9.866155877845179,8.412522302166389,8.412522302166389
4,236,-0.028039876371622086,0.2190239280462265,-0.04832448437809944,1.0262175798416138,2,0.0,11.687295135588041,11.687295135588041,0.9413389563560486,9.009998931564356,2.677296204023685,2.677296204023685
4,237,-0.028425462543964386,0.22968074679374695,-0.03463105857372284,1.079975962638855,2,0.0,11.687295135588041,11.687295135588041,0.9359240531921387,8.150161591119502,3.5371335444685386,3.5371335444685386
4,238,-0.02867724373936653,0.24088194966316223,-0.021604813635349274,1.1342658996582031,2,0.0,11.687295135588041,11.687295135588041,0.9299721717834473,7.287108624169054,4.400186511418987,4.400186511418987
4,239,-0.02880159579217434,0.25263381004333496,-0.009193693287670612,1.1892415285110474,2,0.0,11.687295135588041,11.687295135588041,0.9233869910240173,6.421349951904653,5.265945183683388,5.265945183683388
4,240,-0.028804415836930275,0.2649441361427307,0.002647663466632366,1.2450470924377441,4,1.0,4.866778882465841,4.866778882465841,0.9144052267074585,5.553497940283471,-0.6867190578176299,-0.6867190578176299
4,241,-0.028280014172196388,0.27843430638313293,0.08623041212558746,1.409379482269287,2,0.0,3.778498993557919,3.778498993557919,0.9058358669281006,4.685952235935366,-0.9074532423774468,-0.9074532423774468
4,242,-0.027364691719412804,0.29291993379592896,0.09159158915281296,1.4592663049697876,2,0.0,3.778498993557919,3.778498993557919,0.8965203166007996,3.8182993626336015,-0.03980036907568252,-0.03980036907568252
4,243,-0.02639526128768921,0.3079206347465515,0.09692440927028656,1.5111905336380005,2,0.0,3.778498993557919,3.778498993557919,0.8863987922668457,2.9512919656896988,0.8272070278682202,0.8272070278682202
4,244,-0.025372164323925972,0.3234570324420929,0.10221024602651596,1.5651870965957642,2,0.0,1.933353118067358,1.933353118067358,0.8754069805145264,2.0857506802251042,-0.15239756215774625,-0.15239756215774625
4,245,-0.024296045303344727,0.33955004811286926,0.1074277013540268,1.6212888956069946,2,0.0,1.933353118067358,1.933353118067358,0.8634762763977051,1.2225693936470483,0.7107837244203097,0.7107837244203097
4,246,-0.023167796432971954,0.3562208116054535,0.11255241185426712,1.6795263290405273,2,0.0,1.933353118067358,1.933353118067358,0.8505325317382812,0.362720320453882,1.570632797613476,1.570632797613476
4,247,-0.021988581866025925,0.37349095940589905,0.11755681037902832,1.7399260997772217,0,-1.0,-0.9186968576104202,-0.9186968576104202,0.8381387591362,-0.49273960735797906,-0.42595725025244113,-0.42595725025244113
4,248,-0.021157043054699898,0.39081186056137085,0.05259864777326584,1.7023588418960571,0,-1.0,-0.9186968576104202,-0.9186968576104202,0.8251439332962036,-1.3443215823173524,0.42562472470693224,0.42562472470693224
4,249,-0.02094268426299095,0.40782493352890015,-0.006852821446955204,1.6757091283798218,4,1.0,-0.12453835636576088,-0.12453835636576088,-2.1913793087005615,-2.1913793087005615,2.066840952334801,2.066840952334801
5,0,0.09955599904060364,0.1260901689529419,-0.0971849113702774,-0.17117971181869507,1,-0.5,56.471873935530354,56.471873935530354,0.9804537892341614,50.71022874360423,5.761645191926121,5.761645191926121
5,1,0.098463274538517,0.12433595955371857,-0.12069268524646759,-0.18817463517189026,1,-0.5,56.471873935530354,56.471873935530354,0.9806848764419556,50.23209591350513,6.239778022025227,6.239778022025227
5,2,0.0971447005867958,0.12242389470338821,-0.14254768192768097,-0.20291385054588318,1,-0.5,56.471873935530354,56.471873935530354,0.9809744358062744,49.74890003743755,6.722973898092803,6.722973898092803
5,3,0.09561605006456375,0.12037520855665207,-0.16288024187088013,-0.2156195491552353,1,-0.5,56.471873935530354,56.471873935530354,0.9813128113746643,49.260530910738666,7.211343024791688,7.211343024791688
5,4,0.09389184415340424,0.11820901185274124,-0.18180982768535614,-0.2264941930770874,1,-0.5,56.471873935530354,56.471873935530354,0.9816920161247253,48.766886969054546,7.704986966475808,7.704986966475808
5,5,0.09198548644781113,0.11594252288341522,-0.19944612681865692,-0.23572242259979248,1,-0.5,56.471873935530354,56.471873935530354,0.9821040630340576,48.2678736898281,8.204000245702254,8.204000245702254
5,6,0.08990932255983353,0.11359122395515442,-0.21588973701000214,-0.24347226321697235,1,-0.5,56.471873935530354,56.471873935530354,0.9825423359870911,47.76340366342833,8.708470272102026,8.708470272102026
5,7,0.08767475932836533,0.11116896569728851,-0.23123300075531006,-0.2498970627784729,1,-0.5,56.471873935530354,56.471873935530354,0.9830006957054138,47.25339528024367,9.218478655286681,9.218478655286681
5,8,0.085292287170887,0.10868817567825317,-0.24556079506874084,-0.25513651967048645,1,-0.5,56.471873935530354,56.471873935530354,0.9834737181663513,46.73777230761441,9.734101627915948,9.734101627915948
5,9,0.08277162909507751,0.10615996271371841,-0.2589510679244995,-0.259318083524704,1,-0.5,56.471873935530354,56.471873935530354,0.9839568138122559,46.216463221664704,10.25541071386565,10.25541071386565
5,10,0.08012174069881439,0.10359422862529755,-0.27147552371025085,-0.2625579833984375,2,0.0,59.36379437847489,59.36379437847489,0.9850330948829651,45.68940041197217,13.67439396650272,13.67439396650272
5,11,0.0775633156299591,0.1013258695602417,-0.24585947394371033,-0.20763321220874786,2,0.0,59.36379437847489,59.36379437847489,0.9859468936920166,45.15592658291839,14.207867795556503,14.207867795556503
5,12,0.07524938881397247,0.09958638995885849,-0.22225375473499298,-0.15611562132835388,2,0.0,59.36379437847489,59.36379437847489,0.986714780330658,44.61614110022866,14.747653278246233,14.747653278246233
5,13,0.07316090166568756,0.09834388643503189,-0.20048639178276062,-0.10766535252332687,2,0.0,59.36379437847489,59.36379437847489,0.9873501062393188,44.07012759585657,15.293666782618324,15.293666782618324
5,14,0.07128041237592697,0.09756968170404434,-0.180398628115654,-0.0619669035077095,2,0.0,59.36379437847489,59.36379437847489,0.9878640174865723,43.517957060219445,15.845837318255448,15.845837318255448
5,15,0.06959199905395508,0.09723812341690063,-0.1618441641330719,-0.018727567046880722,2,0.0,59.36379437847489,59.36379437847489,0.9880419969558716,42.95968994215442,16.404104436320473,16.404104436320473
5,16,0.06808113306760788,0.09732633829116821,-0.14468826353549957,0.022324305027723312,0,-1.0,59.96639455395799,59.96639455395799,0.9873783588409424,42.395603985049036,17.570790568908954,17.570790568908954
5,17,0.06630951166152954,0.09716110676527023,-0.20352798700332642,-0.0533432811498642,2,0.0,59.36379437847489,59.36379437847489,0.9879047274589539,41.826490531523326,17.537303846951566,17.537303846951566
5,18,0.06439948081970215,0.09693020582199097,-0.18326447904109955,-0.007536941673606634,2,0.0,59.36379437847489,59.36379437847489,0.987952470779419,41.251096771782194,18.1126976066927,18.1126976066927
5,19,0.06268341094255447,0.09714381396770477,-0.16452233493328094,0.03590872511267662,0,-1.0,59.96639455395799,59.96639455395799,0.9874224066734314,40.66984272828563,19.29655182567236,19.29655182567236
5,20,0.060721807181835175,0.09712706506252289,-0.2218892127275467,-0.0375218540430069,2,0.0,59.36379437847489,59.36379437847489,0.9878359436988831,40.08325285011333,19.28054152836156,19.28054152836156
5,21,0.05863596498966217,0.09706632792949677,-0.20025373995304108,0.010390736162662506,0,-1.0,59.96639455395799,59.96639455395799,0.9871472716331482,39.490320107489346,20.476074446468644,20.476074446468644
5,22,0.056332193315029144,0.09681755304336548,-0.25495755672454834,-0.05896767973899841,2,0.0,59.36379437847489,59.36379437847489,0.9877485036849976,38.892093773592116,20.471700604882777,20.471700604882777
5,23,0.05392959713935852,0.09656339883804321,-0.23086842894554138,-0.007336258888244629,2,0.0,59.36379437847489,59.36379437847489,0.987798810005188,38.287217444350624,21.07657693412427,21.07657693412427
5,24,0.0517575740814209,0.09680947661399841,-0.2085871547460556,0.041492313146591187,0,-1.0,59.96639455395799,59.96639455395799,0.98736572265625,37.676180438732764,22.290214115225226,22.290214115225226
5,25,0.049373917281627655,0.09687671810388565,-0.2626799941062927,-0.02696032077074051,2,0.0,59.36379437847489,59.36379437847489,0.9876532554626465,37.059408804117695,22.304385574357198,22.304385574357198
5,26,0.046897415071725845,0.09694783389568329,-0.2380078136920929,0.025582902133464813,0,-1.0,59.96639455395799,59.96639455395799,0.9871275424957275,36.43611671581318,23.530277838144812,23.530277838144812
5,27,0.04423210397362709,0.09687544405460358,-0.2898957431316376,-0.039464596658945084,2,0.0,59.36379437847489,59.36379437847489,0.9875648617744446,35.80705977102773,23.55673460744716,23.55673460744716
5,28,0.041495006531476974,0.09683927148580551,-0.2631910443305969,0.016198014840483665,0,-1.0,59.96639455395799,59.96639455395799,0.9869913458824158,35.171206979043724,24.795187574914266,24.795187574914266
5,29,0.038588520139455795,0.09668926149606705,-0.31320419907569885,-0.04598897695541382,2,0.0,59.36379437847489,59.36379437847489,0.9875048995018005,34.52951074056698,24.834283637907916,24.834283637907916
5,30,0.035628173500299454,0.09660275280475616,-0.28476741909980774,0.01230576541274786,0,-1.0,59.96639455395799,59.96639455395799,0.9869211316108704,33.88081398087392,26.085580573084073,26.085580573084073
5,31,0.03251499682664871,0.09642747789621353,-0.3331819772720337,-0.04746371880173683,2,0.0,59.36379437847489,59.36379437847489,0.9874484539031982,33.226154393194996,26.137639985279897,26.137639985279897
5,32,0.02936326526105404,0.09633880853652954,-0.3032650947570801,0.013066180050373077,0,-1.0,59.96639455395799,59.96639455395799,0.9868865609169006,32.56434943362808,27.40204512032991,27.40204512032991
5,33,0.026072867214679718,0.09618273377418518,-0.35031214356422424,-0.04464388266205788,2,0.0,59.36379437847489,59.36379437847489,0.9873745441436768,31.89642714415271,27.467367234322182,27.467367234322182
5,34,0.02275702729821205,0.09613305330276489,-0.319126695394516,0.017799800261855125,0,-1.0,59.96639455395799,59.96639455395799,0.9868621230125427,31.221265252534376,28.745129301423614,28.745129301423614
5,35,0.01931466907262802,0.09603431075811386,-0.36499953269958496,-0.03813745453953743,2,0.0,59.36379437847489,59.36379437847489,0.9872652888298035,30.539801140931147,28.823993237543746,28.823993237543746
5,36,0.01585814356803894,0.09605903178453445,-0.3327230215072632,0.02596231736242771,0,-1.0,59.96639455395799,59.96639455395799,0.9868261218070984,29.851046315253882,30.115348238704108,30.115348238704108
5,37,0.012285572476685047,0.09605065733194351,-0.37758320569992065,-0.02842872217297554,2,0.0,59.36379437847489,59.36379437847489,0.9871048927307129,29.15577797317857,30.208016405296323,30.208016405296323
5,38,0.008708573877811432,0.09618072956800461,-0.3443646728992462,0.03712291643023491,0,-1.0,59.96639455395799,59.96639455395799,0.9867598414421082,28.45320513176551,31.51318942219248,31.51318942219248
5,39,0.0050245895981788635,0.09629182517528534,-0.3883471190929413,-0.015897594392299652,2,0.0,59.36379437847489,59.36379437847489,0.9868789315223694,27.743884131639803,31.61991024683509,31.61991024683509
5,40,0.0013446210650727153,0.09655465930700302,-0.3543117046356201,0.050947144627571106,0,-1.0,59.96639455395799,59.96639455395799,0.9866470098495483,27.0272779799166,32.93911657404139,32.93911657404139
5,41,-0.0024344457779079676,0.09681117534637451,-0.39752882719039917,-0.0008352790027856827,1,-0.5,60.44769500461051,60.44769500461051,0.9865508079528809,26.303667646532375,34.144027358078134,34.144027358078134
5,42,-0.0064146737568080425,0.09690500795841217,-0.40014374256134033,0.009784793481230736,4,1.0,32.0816843639421,32.0816843639421,0.9864906668663025,25.57284529149444,6.508839072447664,6.508839072447664
5,43,-0.009782287292182446,0.09808643162250519,-0.29047420620918274,0.1929139792919159,4,1.0,32.0816843639421,32.0816843639421,0.9860556125640869,24.83470164103852,7.2469827229035815,7.2469827229035815
5,44,-0.012099516578018665,0.10102936625480652,-0.18895894289016724,0.36371350288391113,4,1.0,32.0816843639421,32.0816843639421,0.9852421283721924,24.089541442903467,7.992142921038635,7.992142921038635
5,45,-0.013444001786410809,0.10561835020780563,-0.09493542462587357,0.5234413743019104,2,0.0,25.308514358576126,25.308514358576126,0.9839983582496643,23.337676075284115,1.9708382832920108,1.9708382832920108
5,46,-0.014311635866761208,0.11109834164381027,-0.08242186903953552,0.5587347149848938,2,0.0,25.308514358576126,25.308514358576126,0.9826065897941589,22.57947244144894,2.729041917127187,2.729041917127187
5,47,-0.015057500451803207,0.11693225055932999,-0.07058758288621902,0.5938077569007874,2,0.0,25.308514358576126,25.308514358576126,0.9810547828674316,21.815016011772506,3.4934983468036194,3.4934983468036194
5,48,-0.015687987208366394,0.12311887741088867,-0.05936750769615173,0.628812849521637,2,0.0,25.308514358576126,25.308514358576126,0.9793296456336975,21.044405281722298,4.264109076853828,4.264109076853828
5,49,-0.01620887778699398,0.12965849041938782,-0.048702068626880646,0.6638935804367065,2,0.0,25.308514358576126,25.308514358576126,0.9774168133735657,20.267753167766262,5.040761190809864,5.040761190809864
5,50,-0.016625382006168365,0.13655272126197815,-0.03853677213191986,0.6991855502128601,2,0.0,25.308514358576126,25.308514358576126,0.9753004908561707,19.4851882367603,5.823326121815825,5.823326121815825
5,51,-0.01694219373166561,0.14380455017089844,-0.028821855783462524,0.7348172068595886,2,0.0,25.308514358576126,25.308514358576126,0.9729639291763306,18.69685630899407,6.611658049582054,6.611658049582054
5,52,-0.017163539305329323,0.15141820907592773,-0.019511952996253967,0.7709101438522339,2,0.0,25.308514358576126,25.308514358576126,0.9703885912895203,17.902921595775496,7.40559276280063,7.40559276280063
5,53,-0.017293214797973633,0.1593990921974182,-0.010565807111561298,0.8075805306434631,3,0.5,17.956585103131964,17.956585103131964,0.9668349027633667,17.103568691399975,0.8530164117319892,0.8530164117319892
5,54,-0.017124028876423836,0.1680745929479599,0.035071246325969696,0.9013304710388184,0,-1.0,18.278678180011568,18.278678180011568,0.9642671346664429,16.299731099632936,1.9789470803786315,1.9789470803786315
5,55,-0.017146483063697815,0.17671088874340057,-0.033295419067144394,0.8228780627250671,3,0.5,17.956585103131964,17.956585103131964,0.9607416391372681,15.490367641380296,2.4662174617516683,2.4662174617516683
5,56,-0.01718985103070736,0.18557989597320557,0.014667294919490814,0.9225403070449829,0,-1.0,18.278678180011568,18.278678180011568,0.957353413105011,14.676389901255584,3.6022882787559833,3.6022882787559833
5,57,-0.017400605604052544,0.194473534822464,-0.051192641258239746,0.850832462310791,3,0.5,17.956585103131964,17.956585103131964,0.9536687731742859,13.857612614293508,4.098972488838456,4.098972488838456
5,58,-0.017610499635338783,0.2036592960357666,-0.001301855780184269,0.9558160305023193,3,0.5,17.956585103131964,17.956585103131964,0.948462188243866,13.034286708201234,4.9222983949307295,4.9222983949307295
5,59,-0.017340753227472305,0.2138752043247223,0.045111630111932755,1.0567877292633057,0,-1.0,12.069157922519226,12.069157922519226,0.944541871547699,12.207903555512493,-0.1387456329932668,-0.1387456329932668
5,60,-0.017249397933483124,0.22414250671863556,-0.021505944430828094,0.9887503385543823,2,0.0,11.687295135588041,11.687295135588041,0.9396901726722717,11.377133014105853,0.3101621214821879,0.3101621214821879
5,61,-0.017375951632857323,0.23441636562347412,-0.00951345730572939,1.0406743288040161,2,0.0,11.687295135588041,11.687295135588041,0.9343226552009583,10.542871557003618,1.1444235785844228,1.1444235785844228
5,62,-0.01738506183028221,0.24521681666374207,0.001929961727000773,1.0932562351226807,0,-1.0,12.069157922519226,12.069157922519226,0.9286483526229858,9.705604951315818,2.363552971203408,2.363552971203408
5,63,-0.017695387825369835,0.2559325695037842,-0.059800080955028534,1.037903070449829,2,0.0,11.687295135588041,11.687295135588041,0.9228283762931824,8.865612725952356,2.8216824096356845,2.8216824096356845
5,64,-0.018180277198553085,0.2667687237262726,-0.04388493672013283,1.1002222299575806,0,-1.0,8.188104556545348,8.188104556545348,0.9165674448013306,8.023014494605226,0.16509006194012166,0.16509006194012166
5,65,-0.018921516835689545,0.27762117981910706,-0.1011045053601265,1.0552618503570557,0,-1.0,8.188104556545348,8.188104556545348,0.910297155380249,7.178229343236258,1.0098752133090896,1.0098752133090896
5,66,-0.020206667482852936,0.288079172372818,-0.15352153778076172,1.0192540884017944,0,-1.0,8.188104556545348,8.188104556545348,0.9039903879165649,6.331244634197989,1.8568599223473585,1.8568599223473585
5,67,-0.021990109235048294,0.2982279360294342,-0.20154455304145813,0.9914917349815369,0,-1.0,8.188104556545348,8.188104556545348,0.8976162672042847,5.482074996243862,2.7060295603014852,2.7060295603014852
5,68,-0.024230077862739563,0.3081461489200592,-0.24554432928562164,0.9713425636291504,0,-1.0,8.188104556545348,8.188104556545348,0.8911409974098206,4.630766392969271,3.557338163576077,3.557338163576077
5,69,-0.026888318359851837,0.3179066479206085,-0.28585749864578247,0.9582406282424927,2,0.0,3.2533471798420956,3.2533471798420956,0.8843340277671814,3.777399389453991,-0.5240522096118951,-0.5240522096118951
5,70,-0.029524769634008408,0.3281702399253845,-0.2515895962715149,1.0559868812561035,2,0.0,3.2533471798420956,3.2533471798420956,0.8766487836837769,2.92228824412809,0.33105893571400546,0.33105893571400546
5,71,-0.03183183819055557,0.33940190076828003,-0.21970079839229584,1.1515763998031616,2,0.0,3.2533471798420956,3.2533471798420956,0.868033766746521,2.066302485297286,1.1870446945448094,1.1870446945448094
5,72,-0.0338323600590229,0.351582407951355,-0.1900210827589035,1.245393991470337,2,0.0,3.2533471798420956,3.2533471798420956,0.8584309816360474,1.210372442980571,2.0429747368615248,2.0429747368615248
5,73,-0.035547588020563126,0.3646962642669678,-0.16239792108535767,1.3377947807312012,0,-1.0,0.7540971022227669,0.7540971022227669,0.8480090498924255,0.35549642560052874,0.3986006766222382,0.3986006766222382
5,74,-0.03739595413208008,0.3781568706035614,-0.20676858723163605,1.3281933069229126,4,1.0,-0.12453835636576088,-0.12453835636576088,0.8367705941200256,-0.49748749928474423,0.37294914291898335,0.37294914291898335
5,75,-0.038872573524713516,0.3927061855792999,-0.1079137995839119,1.5259886980056763,4,1.0,-0.12453835636576088,-0.12453835636576088,0.8235229849815369,-1.3477354478836059,1.223197091517845,1.223197091517845
5,76,-0.0394049733877182,0.4091806411743164,-0.01673813909292221,1.7140620946884155,4,1.0,-0.12453835636576088,-0.12453835636576088,-2.193190336227417,-2.193190336227417,2.0686519798616563,2.0686519798616563
6,0,-0.2016751915216446,-0.02799992263317108,-0.09022434055805206,0.17895737290382385,0,-1.0,68.53264858635026,68.53264858635026,0.9891031980514526,92.74256359487612,-24.209915008525854,-24.209915008525854
6,1,-0.20297721028327942,-0.02685878425836563,-0.15998119115829468,0.06713411211967468,0,-1.0,68.53264858635026,68.53264858635026,0.9884552955627441,92.68026302709562,-24.147614440745357,-24.147614440745357
6,2,-0.2049466222524643,-0.02678811363875866,-0.22445440292358398,-0.03639373183250427,4,1.0,67.70172895558204,67.70172895558204,0.9889248609542847,92.61798760760897,-24.916258652026926,-24.916258652026926
6,3,-0.20667900145053864,-0.02639227733016014,-0.13393956422805786,0.09919904917478561,0,-1.0,68.53264858635026,68.53264858635026,0.988597571849823,92.55460883500473,-24.021960248654466,-24.021960248654466
6,4,-0.20839889347553253,-0.026017269119620323,-0.20034129917621613,-0.007227550260722637,4,1.0,67.70172895558204,67.70172895558204,0.9888013601303101,92.49092046783323,-24.789191512251193,-24.789191512251193
6,5,-0.2099001109600067,-0.025344232097268105,-0.11159151792526245,0.12576858699321747,0,-1.0,68.53264858635026,68.53264858635026,0.9885695576667786,92.42638293707367,-23.893734350723406,-23.893734350723406
6,6,-0.21140563488006592,-0.024716412648558617,-0.17961543798446655,0.017001166939735413,0,-1.0,68.53264858635026,68.53264858635026,0.9874026775360107,92.36142765596655,-23.82877906961629,-23.82877906961629
6,7,-0.21356216073036194,-0.0251305028796196,-0.24250996112823486,-0.08378372341394424,4,1.0,67.70172895558204,67.70172895558204,0.9883031845092773,92.29699492770762,-24.595265972125574,-24.595265972125574
6,8,-0.21546670794487,-0.025193745270371437,-0.15055227279663086,0.054280444979667664,0,-1.0,68.53264858635026,68.53264858635026,0.9875080585479736,92.23100176080641,-23.698353174456145,-23.698353174456145
6,9,-0.21734519302845,-0.025254972279071808,-0.2156500220298767,-0.04996630549430847,4,1.0,67.70172895558204,67.70172895558204,0.9881015419960022,92.1651451537964,-24.46341619821436,-24.46341619821436
6,10,-0.21899263560771942,-0.024997921660542488,-0.12571291625499725,0.08496925234794617,0,-1.0,68.53264858635026,68.53264858635026,0.9876136183738708,92.09802385030343,-23.56537526395317,-23.56537526395317
6,11,-0.22063325345516205,-0.024768250063061714,-0.19266289472579956,-0.02209915779531002,4,1.0,67.70172895558204,67.70172895558204,0.9879541993141174,92.03071740598946,-24.328988450407422,-24.328988450407422
6,12,-0.2220604568719864,-0.024246765300631523,-0.10442237555980682,0.1103009581565857,0,-1.0,68.53264858635026,68.53264858635026,0.9877104759216309,91.96238707744985,-23.429738491099585,-23.429738491099585
6,13,-0.2234969437122345,-0.023776477202773094,-0.17293037474155426,0.0009462106972932816,0,-1.0,68.53264858635026,68.53264858635026,0.98636394739151,91.89361272881638,-23.360964142466116,-23.360964142466116
6,14,-0.22558912634849548,-0.02435392327606678,-0.23628021776676178,-0.10040494799613953,4,1.0,67.70172895558204,67.70172895558204,0.9874171614646912,91.82550381962108,-24.123774864039035,-24.123774864039035
6,15,-0.2274336814880371,-0.024586107581853867,-0.14474889636039734,0.03711748123168945,0,-1.0,68.53264858635026,68.53264858635026,0.9864312410354614,91.75564308904686,-23.222994502696594,-23.222994502696594
6,16,-0.22925639152526855,-0.02482176385819912,-0.21025294065475464,-0.06766977906227112,4,1.0,67.70172895558204,67.70172895558204,0.9871885180473328,91.68607257374889,-23.984343618166847,-23.984343618166847
6,17,-0.23085200786590576,-0.024744553491473198,-0.12069875746965408,0.06673762947320938,0,-1.0,68.53264858635026,68.53264858635026,0.9864993095397949,91.61503439969854,-23.08238581334828,-23.08238581334828
6,18,-0.23244453966617584,-0.024700090289115906,-0.1880139857530594,-0.040860917419195175,4,1.0,67.70172895558204,67.70172895558204,0.9870149493217468,91.54397483854419,-23.842245882962146,-23.842245882962146
6,19,-0.23382720351219177,-0.024369189515709877,-0.10012044757604599,0.09100965410470963,0,-1.0,68.53264858635026,68.53264858635026,0.9865694642066956,91.47167665578024,-22.93902806942998,-22.93902806942998
6,20,-0.23522257804870605,-0.02409488521516323,-0.16895949840545654,-0.018878601491451263,4,1.0,67.70172895558204,67.70172895558204,0.9868866801261902,91.39909817330661,-23.69736921772457,-23.69736921772457
6,21,-0.2364225834608078,-0.023555602878332138,-0.08246134966611862,0.11093789339065552,0,-1.0,68.53264858635026,68.53264858635026,0.9866415858268738,91.3254661547277,-22.792817568377444,-22.792817568377444
6,22,-0.23764857649803162,-0.023092223331332207,-0.15258309245109558,-0.0008038543164730072,4,1.0,67.70172895558204,67.70172895558204,0.9867949485778809,91.25133794838467,-23.549608992802632,-23.549608992802632
6,23,-0.23869137465953827,-0.022381164133548737,-0.06725786626338959,0.1273622214794159,0,-1.0,68.53264858635026,68.53264858635026,0.9865731000900269,91.17630606041091,-22.643657474060646,-22.643657474060646
6,24,-0.23977136611938477,-0.021761510521173477,-0.13845987617969513,0.01413229014724493,0,-1.0,68.53264858635026,68.53264858635026,0.9853416681289673,91.10074036396048,-22.56809177761022,-22.56809177761022
6,25,-0.24153274297714233,-0.02222631312906742,-0.2042941004037857,-0.09074893593788147,4,1.0,67.70172895558204,67.70172895558204,0.9863141775131226,91.02565524831466,-23.323926292732622,-23.323926292732622
6,26,-0.24307025969028473,-0.022379189729690552,-0.11504684388637543,0.04358047619462013,0,-1.0,68.53264858635026,68.53264858635026,0.98537677526474,90.948829364446,-22.416180778095736,-22.416180778095736
6,27,-0.24460776150226593,-0.022565970197319984,-0.18266810476779938,-0.06414347887039185,4,1.0,67.70172895558204,67.70172895558204,0.9861094355583191,90.87217433250632,-23.170445376924278,-23.170445376924278
6,28,-0.24593837559223175,-0.02246762067079544,-0.09506096690893173,0.06760920584201813,0,-1.0,68.53264858635026,68.53264858635026,0.9854130148887634,90.79400494641212,-22.261356360061853,-22.261356360061853
6,29,-0.24728454649448395,-0.022427406162023544,-0.1641853302717209,-0.04244164004921913,4,1.0,67.70172895558204,67.70172895558204,0.9859505891799927,90.71574942578117,-23.014020470199128,-23.014020470199128
6,30,-0.24843816459178925,-0.022123944014310837,-0.07795647531747818,0.08721104264259338,0,-1.0,68.53264858635026,68.53264858635026,0.9854512810707092,90.63616044101128,-22.103511854661022,-22.103511854661022
6,31,-0.2496204823255539,-0.021898362785577774,-0.14834585785865784,-0.024736030027270317,4,1.0,67.70172895558204,67.70172895558204,0.9858297109603882,90.55627187872786,-22.854542923145814,-22.854542923145814
6,32,-0.2506222724914551,-0.02142730914056301,-0.0632757768034935,0.1032145768404007,0,-1.0,68.53264858635026,68.53264858635026,0.9854913353919983,90.47519410885603,-21.942545522505768,-21.942545522505768
6,33,-0.25166377425193787,-0.021050143986940384,-0.13473054766654968,-0.01026895735412836,4,1.0,67.70172895558204,67.70172895558204,0.9857394099235535,90.39363916511519,-22.691910209533148,-22.691910209533148
6,34,-0.2525348365306854,-0.02044185809791088,-0.050635144114494324,0.11631202697753906,0,-1.0,68.53264858635026,68.53264858635026,0.9855166077613831,90.31100985372892,-21.778361267378656,-21.778361267378656
6,35,-0.25345495343208313,-0.01994032971560955,-0.12298760563135147,0.0015932368114590645,0,-1.0,68.53264858635026,68.53264858635026,0.9841440320014954,90.22777095552276,-21.695122369172495,-21.695122369172495
6,36,-0.25506749749183655,-0.02053758315742016,-0.18989156186580658,-0.10466980189085007,4,1.0,67.70172895558204,67.70172895558204,0.9852526187896729,90.14507770052653,-22.443348744944487,-22.443348744944487
6,37,-0.25646641850471497,-0.020836152136325836,-0.10163453221321106,0.028388777747750282,0,-1.0,68.53264858635026,68.53264858635026,0.9841469526290894,90.06042937549178,-21.527780789141516,-21.527780789141516
6,38,-0.25787490606307983,-0.02118104137480259,-0.17018546164035797,-0.08054320514202118,4,1.0,67.70172895558204,67.70172895558204,0.9850383996963501,89.97604285137645,-22.274313895794407,-22.274313895794407
6,39,-0.25908544659614563,-0.021252455189824104,-0.08344125747680664,0.05008756369352341,0,-1.0,68.53264858635026,68.53264858635026,0.9841500520706177,89.88990348654555,-21.357254900195286,-21.357254900195286
6,40,-0.26031991839408875,-0.02139304205775261,-0.1533776968717575,-0.06103938817977905,4,1.0,67.70172895558204,67.70172895558204,0.9848672151565552,89.80379134795447,-22.10206239237243,-22.10206239237243
6,41,-0.2613696753978729,-0.02128084935247898,-0.06790545582771301,0.06760073453187943,0,-1.0,68.53264858635026,68.53264858635026,0.9841548204421997,89.71608498262415,-21.18343639627389,-21.18343639627389
6,42,-0.26245543360710144,-0.021256566047668457,-0.13900835812091827,-0.0453263595700264,4,1.0,67.70172895558204,67.70172895558204,0.9847322106361389,89.62821228503228,-21.926483329450235,-21.926483329450235
6,43,-0.26336753368377686,-0.0209964532405138,-0.05460623279213905,0.08168739080429077,0,-1.0,68.53264858635026,68.53264858635026,0.9841616153717041,89.5388687620163,-21.006220175666044,-21.006220175666044
6,44,-0.26432591676712036,-0.020839562639594078,-0.12669196724891663,-0.03271066024899483,4,1.0,67.70172895558204,67.70172895558204,0.9846267700195312,89.44919913802485,-21.74747018244281,-21.74747018244281
6,45,-0.2651199996471405,-0.020460646599531174,-0.04319075867533684,0.09298022836446762,0,-1.0,68.53264858635026,68.53264858635026,0.9841700792312622,89.35815390707609,-20.825505320725824,-20.825505320725824
6,46,-0.2659688889980316,-0.02019740641117096,-0.1161053404211998,-0.022614315152168274,4,1.0,67.70172895558204,67.70172895558204,0.9845456480979919,89.26665033115638,-21.564921375574343,-21.564921375574343
6,47,-0.26666128635406494,-0.01972334273159504,-0.033363163471221924,0.1020066887140274,0,-1.0,68.53264858635026,68.53264858635026,0.9841797947883606,89.1738431142004,-20.641194527850132,-20.641194527850132
6,48,-0.26741576194763184,-0.01937502808868885,-0.10697725415229797,-0.014555188827216625,4,1.0,67.70172895558204,67.70172895558204,0.9844838976860046,89.0804679994061,-21.378739043824055,-21.378739043824055
6,49,-0.26802048087120056,-0.01882491074502468,-0.02487504854798317,0.10920680314302444,0,-1.0,68.53264858635026,68.53264858635026,0.9841904640197754,88.98584252699,-20.453193940639736,-20.453193940639736
6,50,-0.26869332790374756,-0.018408626317977905,-0.09907997399568558,-0.00813109427690506,4,1.0,67.70172895558204,67.70172895558204,0.9844372272491455,88.89055763936386,-21.18882868378182,-21.18882868378182
6,51,-0.2692220211029053,-0.017797738313674927,-0.017517711967229843,0.11494782567024231,0,-1.0,68.53264858635026,68.53264858635026,0.9842015504837036,88.7940610223381,-20.261412435987836,-20.261412435987836
6,52,-0.2698240876197815,-0.01732710562646389,-0.09222207218408585,-0.0030061025172472,4,1.0,67.70172895558204,67.70172895558204,0.9844023585319519,88.69682774934788,-20.995098793765834,-20.995098793765834
6,53,-0.2702866792678833,-0.016667552292346954,-0.01111567858606577,0.11953674256801605,0,-1.0,68.53264858635026,68.53264858635026,0.9842016696929932,88.59840948567265,-20.065760899322385,-20.065760899322385
6,54,-0.27082696557044983,-0.016153285279870033,-0.08624247461557388,0.0011008856818079948,0,-1.0,68.53264858635026,68.53264858635026,0.9828125834465027,88.49919981412086,-19.966551227770594,-19.966551227770594
6,55,-0.2720862627029419,-0.016773121431469917,-0.15571153163909912,-0.1085546612739563,4,1.0,67.70172895558204,67.70172895558204,0.9839785099029541,88.4003911420953,-20.69866218651326,-20.69866218651326
6,56,-0.27315643429756165,-0.01712634786963463,-0.0698166936635971,0.02143702656030655,0,-1.0,68.53264858635026,68.53264858635026,0.9827908873558044,88.29940669918419,-19.766758112833926,-19.766758112833926
6,57,-0.2742588520050049,-0.01755530945956707,-0.14056752622127533,-0.09033738076686859,4,1.0,67.70172895558204,67.70172895558204,0.9837929606437683,88.19860183012968,-20.496872874547634,-20.496872874547634
6,58,-0.27518439292907715,-0.017737720161676407,-0.0558507964015007,0.03772052004933357,0,-1.0,68.53264858635026,68.53264858635026,0.9827675819396973,88.09576653483425,-19.563117948483992,-19.563117948483992
6,59,-0.2761533558368683,-0.0180140919983387,-0.12768039107322693,-0.07580618560314178,4,1.0,67.70172895558204,67.70172895558204,0.983640193939209,87.99292823524704,-20.291199279664994,-20.291199279664994
6,60,-0.2769556939601898,-0.018060486763715744,-0.04395507276058197,0.050654780119657516,0,-1.0,68.53264858635026,68.53264858635026,0.9827438592910767,87.88816973869477,-19.355521152344508,-19.355521152344508
6,61,-0.2778109014034271,-0.018215904012322426,-0.11669337004423141,-0.06431944668292999,4,1.0,67.70172895558204,67.70172895558204,0.9835149049758911,87.78325846404414,-20.081529508462097,-20.081529508462097
6,62,-0.27850815653800964,-0.018155019730329514,-0.033803053200244904,0.06082475930452347,0,-1.0,68.53264858635026,68.53264858635026,0.9827204346656799,87.67650864552348,-19.14386005917322,-19.14386005917322
6,63,-0.27926626801490784,-0.01821557991206646,-0.10730766505002975,-0.055343806743621826,4,1.0,67.70172895558204,67.70172895558204,0.9834128022193909,87.56948304127052,-19.867754085688475,-19.867754085688475
6,64,-0.27987369894981384,-0.018071113154292107,-0.025121361017227173,0.06871621310710907,0,-1.0,68.53264858635026,68.53264858635026,0.9826974868774414,87.46067700914256,-18.928028422792295,-18.928028422792295
6,65,-0.28054866194725037,-0.018058324232697487,-0.09927292168140411,-0.04843630641698837,4,1.0,67.70172895558204,67.70172895558204,0.9833298921585083,87.35149446693445,-19.649765511352413,-19.649765511352413
6,66,-0.28107908368110657,-0.017849791795015335,-0.017680834978818893,0.07473257929086685,0,-1.0,68.53264858635026,68.53264858635026,0.9826748371124268,87.24057027755146,-18.707921691201193,-18.707921691201193
6,67,-0.28168269991874695,-0.01778135448694229,-0.09237925708293915,-0.043229445815086365,4,1.0,67.70172895558204,67.70172895558204,0.9832625985145569,87.12918731357477,-19.427458357992734,-19.427458357992734
6,68,-0.28214699029922485,-0.017524797469377518,-0.011289345100522041,0.07920826971530914,0,-1.0,68.53264858635026,68.53264858635026,0.982652485370636,87.0160855707679,-18.483436984417636,-18.483436984417636
6,69,-0.28268933296203613,-0.01741524413228035,-0.08645070344209671,-0.03941858187317848,4,1.0,67.70172895558204,67.70172895558204,0.9832080006599426,86.90245766201744,-19.2007287064354,-19.2007287064354
6,70,-0.2830967307090759,-0.017123831436038017,-0.005785810761153698,0.08242040127515793,0,-1.0,68.53264858635026,68.53264858635026,0.9826300740242004,86.78712087005808,-18.254472283707813,-18.254472283707813
6,71,-0.28358620405197144,-0.016985086724162102,-0.08133962005376816,-0.03675141930580139,4,1.0,67.70172895558204,67.70172895558204,0.9831638336181641,86.67120282427665,-18.969473868694607,-18.969473868694607
6,72,-0.2839445471763611,-0.01666959747672081,-0.0010350057855248451,0.08459828794002533,0,-1.0,68.53264858635026,68.53264858635026,0.9826077222824097,86.55357473803888,-18.020926151688613,-18.020926151688613
6,73,-0.28438833355903625,-0.01651141606271267,-0.07692210376262665,-0.035019464790821075,4,1.0,67.70172895558204,67.70172895558204,0.9830664992332458,86.43532021793582,-18.733591262353784,-18.733591262353784
6,74,-0.28470414876937866,-0.016180673614144325,0.0030765514820814133,0.08593116700649261,3,0.5,66.77758130181388,66.77758130181388,0.9824956059455872,86.31540779666928,-19.537826494855395,-19.537826494855395
6,75,-0.28446757793426514,-0.015022062696516514,0.039549145847558975,0.13978920876979828,3,0.5,66.77758130181388,66.77758130181388,0.9820220470428467,86.19486079871079,-19.41727949689691,-19.41727949689691
6,76,-0.2838813364505768,-0.013346788473427296,0.07334982603788376,0.18971319496631622,3,0.5,66.77758130181388,66.77758130181388,0.9816325306892395,86.0735744966343,-19.29599319482041,-19.29599319482041
6,77,-0.2829708755016327,-0.011191526427865028,0.10470613837242126,0.23613163828849792,3,0.5,66.77758130181388,66.77758130181388,0.9813131093978882,85.95145653125763,-19.173875229443752,-19.173875229443752
6,78,-0.2817593514919281,-0.008588884957134724,0.1338263899087906,0.279437780380249,3,0.5,66.77758130181388,66.77758130181388,0.9810500144958496,85.82842769884823,-19.05084639703435,-19.05084639703435
6,79,-0.28026801347732544,-0.005567734595388174,0.1609012633562088,0.3199927806854248,3,0.5,66.77758130181388,66.77758130181388,0.9808294177055359,85.70442190338625,-18.926840601572366,-18.926840601572366
6,80,-0.2785162329673767,-0.002153518609702587,0.186105415225029,0.3581283986568451,3,0.5,66.77758130181388,66.77758130181388,0.9806376695632935,85.57938634917244,-18.801805047358556,-18.801805047358556
6,81,-0.27652183175086975,0.0016314777312800288,0.20959876477718353,0.3941500186920166,0,-1.0,66.93406544466993,66.93406544466993,0.9823976159095764,85.45328149455469,-18.51921604988476,-18.51921604988476
6,82,-0.27494189143180847,0.004778657108545303,0.11887023597955704,0.2544550895690918,0,-1.0,66.93406544466993,66.93406544466993,0.9839352369308472,85.32412512994456,-18.390059685274636,-18.390059685274636
6,83,-0.2742292881011963,0.006594082806259394,0.0351107120513916,0.12596091628074646,0,-1.0,66.93406544466993,66.93406544466993,0.9844378232955933,85.19211100304416,-18.258045558374235,-18.258045558374235
6,84,-0.27431774139404297,0.00718284398317337,-0.042272135615348816,0.0075538866221904755,0,-1.0,66.17549307863915,66.17549307863915,0.9831675887107849,85.05825573711977,-18.882762658480615,-18.882762658480615
6,85,-0.2751467823982239,0.006639448925852776,-0.1138220801949501,-0.10178953409194946,4,1.0,65.03062107186874,65.03062107186874,0.9843032360076904,84.92433146303938,-19.893710391170643,-19.893710391170643
6,86,-0.2758064568042755,0.0063676065765321255,-0.029828740283846855,0.028830455616116524,0,-1.0,66.17549307863915,66.17549307863915,0.9832371473312378,84.787907300032,-18.612414221392854,-18.612414221392854
6,87,-0.27651670575141907,0.006027359049767256,-0.1023547425866127,-0.08213838189840317,4,1.0,65.03062107186874,65.03062107186874,0.9841838479042053,84.65118197242502,-19.620560900556285,-19.620560900556285
6,88,-0.2770668566226959,0.005943422205746174,-0.019252808764576912,0.047018274664878845,0,-1.0,66.17549307863915,66.17549307863915,0.9832935333251953,84.5121193176978,-18.336626239058646,-18.336626239058646
6,89,-0.2776760458946228,0.005777353886514902,-0.09259404987096786,-0.06526895612478256,4,1.0,65.03062107186874,65.03062107186874,0.9840782880783081,84.37255129734606,-19.341930225477327,-19.341930225477327
6,90,-0.278132826089859,0.005855260882526636,-0.010236754082143307,0.06270475685596466,0,-1.0,66.17549307863915,66.17549307863915,0.983340322971344,84.23078081744218,-18.05528773880303,-18.05528773880303
6,91,-0.2786557078361511,0.005839976482093334,-0.08425847440958023,-0.05064233019948006,4,1.0,65.03062107186874,65.03062107186874,0.9839842915534973,84.08832373178872,-19.057702659919983,-19.057702659919983
6,92,-0.2790326774120331,0.006058780942112207,-0.0025227032601833344,0.07638504356145859,0,-1.0,66.17549307863915,66.17549307863915,0.9833797216415405,83.94377721235881,-17.76828413371966,-17.76828413371966
6,93,-0.2794816195964813,0.006175590679049492,-0.07711179554462433,-0.03780346363782883,4,1.0,65.03062107186874,65.03062107186874,0.9838175177574158,83.79838130375482,-18.767760231886086,-18.767760231886086
6,94,-0.2797900438308716,0.006518675480037928,0.004105839878320694,0.08847779035568237,0,-1.0,66.93406544466993,66.93406544466993,0.9834133386611938,83.65107453131051,-16.717009086640587,-16.717009086640587
6,95,-0.2801753282546997,0.006752870045602322,-0.07095558941364288,-0.026366841048002243,4,1.0,65.03062107186874,65.03062107186874,0.9836254715919495,83.50268807338315,-18.472067001514418,-18.472067001514418
6,96,-0.2804245948791504,0.007207287009805441,0.009830735623836517,0.09933844208717346,0,-1.0,66.93406544466993,66.93406544466993,0.9834420680999756,83.35258848665778,-16.418523041987854,-16.418523041987854
6,97,-0.28075480461120605,0.007547543849796057,-0.06562308967113495,-0.016004377976059914,4,1.0,65.03062107186874,65.03062107186874,0.9834530353546143,83.20115799854324,-18.1705369266745,-18.1705369266745
6,98,-0.28095269203186035,0.008103471249341965,0.01480497419834137,0.10927006602287292,0,-1.0,66.93406544466993,66.93406544466993,0.9834665060043335,83.04818683150366,-16.11412138683373,-16.11412138683373
6,99,-0.28123489022254944,0.008541363291442394,-0.06097383052110672,-0.00643536914139986,4,1.0,65.03062107186874,65.03062107186874,0.9832955002784729,82.89365689444377,-17.86303582257503,-17.86303582257503
6,100,-0.2813878655433655,0.00919166300445795,0.019157469272613525,0.11853278428316116,0,-1.0,66.93406544466993,66.93406544466993,0.9834607839584351,82.73773878198514,-15.803673337315217,-15.803673337315217
6,101,-0.28162795305252075,0.009721249341964722,-0.056889377534389496,0.0025818264111876488,0,-1.0,66.17549307863915,66.17549307863915,0.9821498990058899,82.58007878588556,-16.40458570724641,-16.40458570724641
6,102,-0.28259584307670593,0.009142257273197174,-0.12720665335655212,-0.1044735535979271,4,1.0,65.03062107186874,65.03062107186874,0.9832982420921326,82.42215039078755,-17.391529318918813,-17.391529318918813
6,103,-0.2833826541900635,0.008856766857206821,-0.042078327387571335,0.028273992240428925,0,-1.0,66.17549307863915,66.17549307863915,0.9822334051132202,82.26146681686406,-16.085973738224908,-16.085973738224908
6,104,-0.28420913219451904,0.008523433469235897,-0.11355181038379669,-0.08069141954183578,4,1.0,65.03062107186874,65.03062107186874,0.9831522107124329,82.10023576944529,-17.069614697576554,-17.069614697576554
6,105,-0.2848654091358185,0.008465712890028954,-0.0294790156185627,0.050339728593826294,0,-1.0,66.17549307863915,66.17549307863915,0.9823001623153687,81.9364480391241,-15.760954960484952,-15.760954960484952
6,106,-0.285571426153183,0.008344065397977829,-0.10191766172647476,-0.06016959249973297,4,1.0,65.03062107186874,65.03062107186874,0.9830209016799927,81.77186654223104,-16.7412454703623,-16.7412454703623
6,107,-0.28611645102500916,0.008483604528009892,-0.018726155161857605,0.06947927922010422,0,-1.0,66.17549307863915,66.17549307863915,0.9823543429374695,81.6048945864152,-15.42940150777605,-15.42940150777605
6,108,-0.28671950101852417,0.008546319790184498,-0.09196978062391281,-0.042265065014362335,4,1.0,65.03062107186874,65.03062107186874,0.9829016923904419,81.4369093368462,-16.406288264977462,-16.406288264977462
6,109,-0.2871691882610321,0.008858723565936089,-0.00951334834098816,0.08628396689891815,0,-1.0,66.17549307863915,66.17549307863915,0.9823986887931824,81.26667438833915,-15.091181309700005,-15.091181309700005
6,110,-0.2876839339733124,0.009084096178412437,-0.08342742919921875,-0.026433881372213364,4,1.0,65.03062107186874,65.03062107186874,0.9827919006347656,81.09522797933937,-16.064606907470633,-16.064606907470633
6,111,-0.288051575422287,0.00955013744533062,-0.001583309844136238,0.10125471651554108,0,-1.0,66.17549307863915,66.17549307863915,0.9824346303939819,80.92165260475213,-14.746159526112976,-14.746159526112976
6,112,-0.2884901165962219,0.009921231307089329,-0.07605477422475815,-0.012214316055178642,4,1.0,65.03062107186874,65.03062107186874,0.982582688331604,80.74668482258399,-15.71606375071525,-15.71606375071525
6,113,-0.28878694772720337,0.010526086203753948,0.005280197598040104,0.11481757462024689,0,-1.0,66.93406544466993,66.93406544466993,0.9824552536010742,80.56980013560847,-13.635734690938548,-13.635734690938548
6,114,-0.28915935754776,0.011030031368136406,-0.06965340673923492,0.0007874835282564163,0,-1.0,66.17549307863915,66.17549307863915,0.9811301231384277,80.39125745657313,-14.21576437793398,-14.21576437793398
6,115,-0.2902489900588989,0.01044382806867361,-0.13894230127334595,-0.10448148846626282,4,1.0,65.03062107186874,65.03062107186874,0.9822649955749512,80.21224983175223,-15.181628759883495,-15.181628759883495
6,116,-0.2911475896835327,0.01016826368868351,-0.052865274250507355,0.029925720766186714,0,-1.0,66.17549307863915,66.17549307863915,0.9812189936637878,80.03028771331039,-13.854794634671237,-13.854794634671237
6,117,-0.29207679629325867,0.00986088439822197,-0.12345845997333527,-0.07748067378997803,4,1.0,65.03062107186874,65.03062107186874,0.9820927977561951,79.8475441612592,-14.816923089390457,-14.816923089390457
6,118,-0.29282739758491516,0.009844141080975533,-0.03857206925749779,0.05500788241624832,0,-1.0,66.17549307863915,66.17549307863915,0.9812886714935303,79.66207208434646,-13.486579005707313,-13.486579005707313
6,119,-0.29361990094184875,0.009777618572115898,-0.11025381833314896,-0.05412192642688751,4,1.0,65.03062107186874,65.03062107186874,0.9819365739822388,79.47553880086154,-14.444917728992806,-14.444917728992806
6,120,-0.2942441999912262,0.00998564064502716,-0.026361405849456787,0.07682553678750992,0,-1.0,66.17549307863915,66.17549307863915,0.9813439846038818,79.28646689583768,-13.110973817198527,-13.110973817198527
6,121,-0.29491978883743286,0.010129522532224655,-0.09895076602697372,-0.033678196370601654,4,1.0,65.03062107186874,65.03062107186874,0.9817934632301331,79.096083748721,-14.065462676852263,-14.065462676852263
6,122,-0.29543566703796387,0.010535170324146748,-0.015887275338172913,0.09604762494564056,0,-1.0,66.17549307863915,66.17549307863915,0.9813874363899231,78.90332352069785,-12.727830442058703,-12.727830442058703
6,123,-0.29601073265075684,0.010865365155041218,-0.08923225104808807,-0.01553377602249384,4,1.0,65.03062107186874,65.03062107186874,0.9816595911979675,78.7090263477858,-13.678405275917058,-13.678405275917058
6,124,-0.29643329977989197,0.011447355151176453,-0.006859093904495239,0.11324133723974228,0,-1.0,66.17549307863915,66.17549307863915,0.9814123511314392,78.51249167332104,-12.336998594681887,-12.336998594681887
6,125,-0.29692158102989197,0.011945173144340515,-0.08083184063434601,0.0008345609530806541,0,-1.0,66.17549307863915,66.17549307863915,0.9800889492034912,78.31422153756525,-12.138728458926096,-12.138728458926096
6,126,-0.2981177866458893,0.011368433013558388,-0.14923226833343506,-0.10292350500822067,4,1.0,65.03062107186874,65.03062107186874,0.9811947345733643,78.11528544278966,-13.084664370920919,-13.084664370920919
6,127,-0.29911455512046814,0.011116844601929188,-0.062334612011909485,0.032889336347579956,0,-1.0,66.17549307863915,66.17549307863915,0.9801785945892334,77.91322293759221,-11.73772985895306,-11.73772985895306
6,128,-0.3001340329647064,0.010847031138837337,-0.13216565549373627,-0.07319536805152893,4,1.0,65.03062107186874,65.03062107186874,0.9809969067573547,77.71014580101311,-12.679524729144376,-12.679524729144376
6,129,-0.30096763372421265,0.010880604386329651,-0.04657397419214249,0.06053071469068527,0,-1.0,66.17549307863915,66.17549307863915,0.9802475571632385,77.50419080227854,-11.328697723639394,-11.328697723639394
6,130,-0.3018363118171692,0.010876432061195374,-0.11759888380765915,-0.04742584750056267,4,1.0,65.03062107186874,65.03062107186874,0.9808164238929749,77.29691236880333,-12.266291296934597,-12.266291296934597
6,131,-0.302530437707901,0.011158181354403496,-0.033097464591264725,0.08462807536125183,0,-1.0,66.17549307863915,66.17549307863915,0.9803005456924438,77.08696560091956,-10.911472522280405,-10.911472522280405
6,132,-0.30326998233795166,0.011386618949472904,-0.10511757433414459,-0.024816222488880157,4,1.0,65.03062107186874,65.03062107186874,0.9806495904922485,76.87541924770416,-11.844798175835422,-11.844798175835422
6,133,-0.3038444519042969,0.01188715361058712,-0.02152525633573532,0.10591653734445572,0,-1.0,66.17549307863915,66.17549307863915,0.980340301990509,76.66138349213324,-10.48589041349409,-10.48589041349409
6,134,-0.304472953081131,0.01232216414064169,-0.09437361359596252,-0.004689529538154602,4,1.0,65.03062107186874,65.03062107186874,0.9804918766021729,76.44549817186135,-11.414877099992609,-11.414877099992609
6,135,-0.30494412779808044,0.013018536381423473,-0.011538268998265266,0.12501992285251617,0,-1.0,66.17549307863915,66.17549307863915,0.9802324175834656,76.22727908612038,-10.051786007481226,-10.051786007481226
6,136,-0.30547651648521423,0.013640028424561024,-0.08507441729307175,0.013529960997402668,0,-1.0,66.17549307863915,66.17549307863915,0.9790340662002563,76.00711784700698,-9.831624768367831,-9.831624768367831
6,137,-0.30671265721321106,0.013196065090596676,-0.15306425094604492,-0.08933236449956894,4,1.0,65.03062107186874,65.03062107186874,0.979992687702179,75.78594321293609,-10.755322141067353,-10.755322141067353
6,138,-0.30774539709091187,0.013086111284792423,-0.06578347831964493,0.04734873026609421,0,-1.0,66.17549307863915,66.17549307863915,0.9791188836097717,75.56156618710496,-9.386073108465808,-9.386073108465808
6,139,-0.30879706144332886,0.012966678477823734,-0.13524875044822693,-0.05786710977554321,4,1.0,65.03062107186874,65.03062107186874,0.9797723293304443,75.33580535706585,-10.305184285197114,-10.305184285197114
6,140,-0.30965930223464966,0.01315927505493164,-0.0493149608373642,0.07670824229717255,0,-1.0,66.17549307863915,66.17549307863915,0.9791818261146545,75.1071040684196,-8.931610989780452,-8.931610989780452
6,141,-0.31055328249931335,0.013322748243808746,-0.12001054733991623,-0.03038804791867733,4,1.0,65.03062107186874,65.03062107186874,0.9795677661895752,74.87668913364136,-9.846068061772627,-9.846068061772627
6,142,-0.31126946210861206,0.013780742883682251,-0.03520050644874573,0.10251280665397644,0,-1.0,66.17549307863915,66.17549307863915,0.9792267084121704,74.64355693681999,-8.468063858180841,-8.468063858180841
6,143,-0.31202808022499084,0.01419408991932869,-0.10692054778337479,-0.0060631996020674706,4,1.0,65.03062107186874,65.03062107186874,0.9793741106987,74.40841437212912,-9.377793300260379,-9.377793300260379
6,144,-0.312618613243103,0.014888249337673187,-0.023046784102916718,0.12552878260612488,0,-1.0,66.17549307863915,66.17549307863915,0.9790972471237183,74.1707477388186,-7.995254660179455,-7.995254660179455
6,145,-0.3132604658603668,0.015525739639997482,-0.09561814367771149,0.01581404358148575,0,-1.0,66.17549307863915,66.17549307863915,0.9779232740402222,73.93096009262109,-7.755467013981942,-7.755467013981942
6,146,-0.3145967721939087,0.01511492021381855,-0.1627146601676941,-0.08538073301315308,4,1.0,65.03062107186874,65.03062107186874,0.9788269996643066,73.68993618038472,-8.659315108515983,-8.659315108515983
6,147,-0.3157211244106293,0.015054179355502129,-0.07461041957139969,0.052859097719192505,0,-1.0,66.17549307863915,66.17549307863915,0.9780080318450928,73.44556482901052,-7.270071750371372,-7.270071750371372
6,148,-0.3168564736843109,0.014999172650277615,-0.14330662786960602,-0.050867535173892975,4,1.0,65.03062107186874,65.03062107186874,0.9785759449005127,73.19955232036912,-8.168931248500385,-8.168931248500385
6,149,-0.317795068025589,0.015270615927875042,-0.05666279047727585,0.08510926365852356,0,-1.0,66.17549307863915,66.17549307863915,0.9780674576759338,72.95048118734204,-6.774988108702885,-6.774988108702885
6,150,-0.3187585473060608,0.01552670355886221,-0.12669242918491364,-0.02063419483602047,4,1.0,65.03062107186874,65.03062107186874,0.9783397912979126,72.69940780774354,-7.668786735874804,-7.668786735874804
6,151,-0.319537878036499,0.016090482473373413,-0.04126673564314842,0.1135486289858818,0,-1.0,66.17549307863915,66.17549307863915,0.9780431985855103,72.44552324893498,-6.270030170295826,-6.270030170295826
6,152,-0.3203536570072174,0.016622304916381836,-0.11240609735250473,0.006225058808922768,0,-1.0,66.17549307863915,66.17549307863915,0.9767767190933228,72.18937378823179,-6.013880709592641,-6.013880709592641
6,153,-0.3218502402305603,0.016128601506352425,-0.17818380892276764,-0.09276892244815826,4,1.0,65.03062107186874,65.03062107186874,0.9777361154556274,71.931916231453,-6.901295159584265,-6.901295159584265
6,154,-0.3231222629547119,0.016005925834178925,-0.0888667106628418,0.04749224707484245,0,-1.0,66.17549307863915,66.17549307863915,0.9768643975257874,71.67088900605795,-5.495395927418798,-5.495395927418798
6,155,-0.32439374923706055,0.01590833254158497,-0.1564416140317917,-0.0543595515191555,4,1.0,65.03062107186874,65.03062107186874,0.9774500131607056,71.408105665184,-6.377484593315259,-6.377484593315259
6,156,-0.32545772194862366,0.01615508459508419,-0.06876517832279205,0.08334583789110184,0,-1.0,66.17549307863915,66.17549307863915,0.976923406124115,71.14207641618515,-4.966583337545998,-4.966583337545998
6,157,-0.3265366852283478,0.016403086483478546,-0.13783852756023407,-0.020786866545677185,4,1.0,65.03062107186874,65.03062107186874,0.977181077003479,70.87389192935458,-5.843270857485848,-5.843270857485848
6,158,-0.3274223506450653,0.016974203288555145,-0.05153101682662964,0.11488766968250275,0,-1.0,66.17549307863915,66.17549307863915,0.9768685698509216,70.6027382346981,-4.4272451560589445,-4.4272451560589445
6,159,-0.3283360004425049,0.017527760937809944,-0.1218518316745758,0.008963070809841156,0,-1.0,66.17549307863915,66.17549307863915,0.975626528263092,70.32916127762341,-4.153668198984263,-4.153668198984263
6,160,-0.329922616481781,0.017069274559617043,-0.1868712306022644,-0.08872132003307343,4,1.0,65.03062107186874,65.03062107186874,0.9765299558639526,70.05407550440437,-5.02345443253563,-5.02345443253563
6,161,-0.33127740025520325,0.016994431614875793,-0.09685339778661728,0.0527624636888504,0,-1.0,66.17549307863915,66.17549307863915,0.9757071733474731,69.77529853387921,-3.599805455240059,-3.599805455240059
6,162,-0.3326248824596405,0.016956573352217674,-0.16377486288547516,-0.04792821779847145,4,1.0,65.03062107186874,65.03062107186874,0.9762133359909058,69.49453672780983,-4.4639156559410935,-4.4639156559410935
6,163,-0.3337586224079132,0.017274297773838043,-0.07549367845058441,0.09086836874485016,0,-1.0,66.17549307863915,66.17549307863915,0.9757572412490845,69.21042766850397,-3.034934589864818,-3.034934589864818
6,164,-0.33490151166915894,0.017603963613510132,-0.1440008133649826,-0.01221719291061163,4,1.0,65.03062107186874,65.03062107186874,0.9759140014648438,68.92390952247968,-3.893288450610939,-3.893288450610939
6,165,-0.3358457386493683,0.018266931176185608,-0.05716860294342041,0.12444810569286346,0,-1.0,66.17549307863915,66.17549307863915,0.9755859971046448,68.63433891011599,-2.458845831476836,-2.458845831476836
6,166,-0.336812824010849,0.018922122195363045,-0.12699557840824127,0.019486170262098312,0,-1.0,66.17549307863915,66.17549307863915,0.9744437336921692,68.34217465960742,-2.166681580968273,-2.166681580968273
6,167,-0.33844804763793945,0.018574753776192665,-0.1915525645017624,-0.07726842910051346,4,1.0,65.03062107186874,65.03062107186874,0.9752175211906433,68.04821305648005,-3.0175919846113146,-3.0175919846113146
6,168,-0.3398470878601074,0.018620144575834274,-0.10110560804605484,0.06510452181100845,0,-1.0,66.17549307863915,66.17549307863915,0.974511981010437,67.75050054069638,-1.5750074620572292,-1.5750074620572292
6,169,-0.34123456478118896,0.01871141791343689,-0.1676190197467804,-0.03470427915453911,4,1.0,65.03062107186874,65.03062107186874,0.9748702049255371,67.45049349463227,-2.4198724227635324,-2.4198724227635324
6,170,-0.34240442514419556,0.019166966900229454,-0.07895873486995697,0.10494183003902435,0,-1.0,66.17549307863915,66.17549307863915,0.974520206451416,67.147094232027,-0.9716011533878515,-0.9716011533878515
6,171,-0.3435796797275543,0.019643038511276245,-0.14710237085819244,0.002710922621190548,0,-1.0,66.17549307863915,66.17549307863915,0.9732134342193604,66.84098386421776,-0.6654907855786121,-0.6654907855786121
6,172,-0.3454071581363678,0.019142435863614082,-0.21011216938495636,-0.0915495976805687,4,1.0,65.03062107186874,65.03062107186874,0.9741092920303345,66.53310144444283,-1.502480372574098,-1.502480372574098
6,173,-0.3469836711883545,0.019058208912611008,-0.11824402213096619,0.0530976802110672,0,-1.0,66.17549307863915,66.17549307863915,0.9732844829559326,66.22120419435606,-0.04571111571691233,-0.04571111571691233
6,174,-0.34853509068489075,0.019041476771235466,-0.183447927236557,-0.044626038521528244,4,1.0,65.03062107186874,65.03062107186874,0.9737228751182556,65.90698960747488,-0.8763685356061472,-0.8763685356061472
6,175,-0.34985634684562683,0.019408797845244408,-0.09358308464288712,0.096925750374794,0,-1.0,66.17549307863915,66.17549307863915,0.9733191728591919,65.58915831551175,0.5863347631273967,0.5863347631273967
6,176,-0.3511715829372406,0.019814766943454742,-0.1606161892414093,-0.0035562263801693916,4,1.0,65.03062107186874,65.03062107186874,0.9733551740646362,65.26852438651774,-0.23790331464900305,-0.23790331464900305
6,177,-0.35227397084236145,0.020579123869538307,-0.07242326438426971,0.13554012775421143,0,-1.0,66.17549307863915,66.17549307863915,0.9729931354522705,64.94461536611425,1.2308777125249009,1.2308777125249009
6,178,-0.35338613390922546,0.02135942131280899,-0.14097893238067627,0.032897692173719406,0,-1.0,66.17549307863915,66.17549307863915,0.9719735383987427,64.6178002329919,1.557692845647253,1.557692845647253
6,179,-0.35515424609184265,0.021159745752811432,-0.20435306429862976,-0.06165440380573273,4,1.0,65.03062107186874,65.03062107186874,0.9725576639175415,64.28871383292238,0.7419072389463537,0.7419072389463537
6,180,-0.35667479038238525,0.021374192088842392,-0.11281264573335648,0.08279377222061157,0,-1.0,66.17549307863915,66.17549307863915,0.9720155000686646,63.955713302025096,2.219779776614054,2.219779776614054
6,181,-0.3581732213497162,0.0216550063341856,-0.17829665541648865,-0.014999562874436378,4,1.0,65.03062107186874,65.03062107186874,0.9721421599388123,63.61989676965296,1.410724302215776,1.410724302215776
6,182,-0.3594440817832947,0.022319739684462547,-0.08868397027254105,0.1265583634376526,0,-1.0,66.17549307863915,66.17549307863915,0.9717570543289185,63.28056021183247,2.894932866806677,2.894932866806677
6,183,-0.36071115732192993,0.02302403375506401,-0.15592505037784576,0.026209756731987,0,-1.0,66.17549307863915,66.17549307863915,0.9706706404685974,62.93818500757935,3.2373080710598003,3.2373080710598003
6,184,-0.3626216650009155,0.022770291194319725,-0.21808741986751556,-0.06621852517127991,4,1.0,65.03062107186874,65.03062107186874,0.9712790846824646,62.593448855667425,2.4371722162013114,2.4371722162013114
6,185,-0.3642730712890625,0.0229509100317955,-0.1254349648952484,0.08018340915441513,0,-1.0,66.17549307863915,66.17549307863915,0.970707893371582,62.24461593028784,3.930877148351307,3.930877148351307
6,186,-0.365891695022583,0.023216750472784042,-0.18988604843616486,-0.015774399042129517,4,1.0,65.03062107186874,65.03062107186874,0.970820963382721,61.89283640092552,3.137784670943219,3.137784670943219
6,187,-0.36727288365364075,0.023884057998657227,-0.09932450205087662,0.12747900187969208,0,-1.0,66.17549307863915,66.17549307863915,0.9704147577285767,61.53738933085131,4.638103747787838,4.638103747787838
6,188,-0.368641197681427,0.02460736595094204,-0.16568170487880707,0.028735045343637466,0,-1.0,66.17549307863915,66.17549307863915,0.9693485498428345,61.17876219507347,4.996730883565682,4.996730883565682
6,189,-0.3706444203853607,0.024388136342167854,-0.22702550888061523,-0.06218617409467697,4,1.0,65.03062107186874,65.03062107186874,0.9698961973190308,60.817589540637,4.213031531231735,4.213031531231735
6,190,-0.3723807632923126,0.0246177539229393,-0.13362041115760803,0.08561761677265167,0,-1.0,66.17549307863915,66.17549307863915,0.9693723320960999,60.45221549830098,5.72327758033817,5.72327758033817
6,191,-0.37407708168029785,0.024946309626102448,-0.19736599922180176,-0.008994016796350479,4,1.0,65.03062107186874,65.03062107186874,0.9693964719772339,60.08367996586352,4.9469411060052195,4.9469411060052195
6,192,-0.3755292296409607,0.025689328089356422,-0.10615551471710205,0.13551826775074005,0,-1.0,66.17549307863915,66.17549307863915,0.9689686894416809,59.711397468572,6.464095610067147,6.464095610067147
6,193,-0.37696224451065063,0.0265007633715868,-0.1719011664390564,0.037997856736183167,0,-1.0,66.17549307863915,66.17549307863915,0.9679866433143616,59.33578664558618,6.839706433052967,6.839706433052967
6,194,-0.3790242671966553,0.02638164907693863,-0.23267444968223572,-0.05174960568547249,4,1.0,65.03062107186874,65.03062107186874,0.9684088230133057,58.957373739668505,6.073247332200232,6.073247332200232
6,195,-0.38081392645835876,0.026722785085439682,-0.13874469697475433,0.09716051071882248,0,-1.0,66.17549307863915,66.17549307863915,0.9679532647132874,58.574712037025456,7.600781041613693,7.600781041613693
6,196,-0.3825584352016449,0.027173921465873718,-0.20199021697044373,0.003647307865321636,0,-1.0,66.17549307863915,66.17549307863915,0.9666374921798706,58.188645224557746,7.986847854081404,7.986847854081404
6,197,-0.3849082589149475,0.02673228643834591,-0.26047101616859436,-0.08246800303459167,4,1.0,65.03062107186874,65.03062107186874,0.9673413634300232,57.800007810482704,7.230613261386033,7.230613261386033
6,198,-0.3869639039039612,0.02678511291742325,-0.16443946957588196,0.06972963362932205,0,-1.0,66.17549307863915,66.17549307863915,0.9666534662246704,57.4067337849017,8.768759293737453,8.768759293737453
6,199,-0.38895437121391296,0.026978952810168266,-0.2257547825574875,-0.020802553743124008,4,1.0,65.03062107186874,65.03062107186874,0.9667506814002991,57.0101821400778,8.020438931790935,8.020438931790935
6,200,-0.3906775116920471,0.02762605994939804,-0.13231226801872253,0.12745103240013123,0,-1.0,66.17549307863915,66.17549307863915,0.9662784934043884,56.609526725936874,9.565966352702276,9.565966352702276
6,201,-0.39236003160476685,0.028377512469887733,-0.19598934054374695,0.0334186777472496,0,-1.0,66.17549307863915,66.17549307863915,0.9652389287948608,56.20530124498231,9.970191833656841,9.970191833656841
6,202,-0.394651859998703,0.028231825679540634,-0.2548525631427765,-0.05309407413005829,4,1.0,65.03062107186874,65.03062107186874,0.9656309485435486,55.79804274362368,9.232578328245054,9.232578328245054
6,203,-0.39665308594703674,0.0285772904753685,-0.15916582942008972,0.0987992137670517,0,-1.0,66.17549307863915,66.17549307863915,0.9651319980621338,55.38627454048498,10.789218538154167,10.789218538154167
6,204,-0.3985923230648041,0.029061587527394295,-0.2207772135734558,0.008093404583632946,0,-1.0,66.17549307863915,66.17549307863915,0.9638433456420898,54.970851052952376,11.204642025686773,11.204642025686773
6,205,-0.40112119913101196,0.028680171817541122,-0.2777446508407593,-0.07539541274309158,4,1.0,65.03062107186874,65.03062107186874,0.9644332528114319,54.552533037687155,10.478088034181582,10.478088034181582
6,206,-0.4033413529396057,0.028818441554903984,-0.18031898140907288,0.07924164831638336,0,-1.0,66.17549307863915,66.17549307863915,0.9638205170631409,54.129393722096694,12.046099356542456,12.046099356542456
6,207,-0.4054829478263855,0.029121506959199905,-0.24033072590827942,-0.00896391086280346,4,1.0,65.03062107186874,65.03062107186874,0.9637558460235596,53.702599197003586,11.32802187486515,11.32802187486515
6,208,-0.4073448181152344,0.02990027889609337,-0.14568665623664856,0.1414618343114853,0,-1.0,66.17549307863915,66.17549307863915,0.9632396697998047,53.27155894038387,12.90393413825528,12.90393413825528
6,209,-0.4091544449329376,0.030804738402366638,-0.2082347422838211,0.04952545464038849,0,-1.0,66.17549307863915,66.17549307863915,0.9623372554779053,52.83668613190309,13.338806946736057,13.338806946736057
6,210,-0.4115625023841858,0.030832551419734955,-0.2660451829433441,-0.03498518094420433,4,1.0,65.03062107186874,65.03062107186874,0.9625034332275391,52.39833219840928,12.632288873459459,12.632288873459459
6,211,-0.4136698842048645,0.03137093037366867,-0.16938813030719757,0.11879150569438934,0,-1.0,66.17549307863915,66.17549307863915,0.9619588851928711,51.955382591092665,14.220110487546485,14.220110487546485
6,212,-0.4157058298587799,0.03206690773367882,-0.23007835447788239,0.029942629858851433,0,-1.0,66.17549307863915,66.17549307863915,0.9608621001243591,51.508508793838175,14.666984284800975,14.666984284800975
6,213,-0.41832247376441956,0.031915515661239624,-0.2861820161342621,-0.05174525827169418,4,1.0,65.03062107186874,65.03062107186874,0.961169421672821,51.058228983549306,13.972392088319431,13.972392088319431
6,214,-0.42062219977378845,0.03230138123035431,-0.1879613995552063,0.10459846258163452,0,-1.0,66.17549307863915,66.17549307863915,0.9605989456176758,50.60309046654191,15.572402612097243,15.572402612097243
6,215,-0.4228355586528778,0.03286931663751602,-0.2472076117992401,0.018117237836122513,0,-1.0,66.17549307863915,66.17549307863915,0.9593798518180847,50.143930829216394,16.031562249422755,16.031562249422755
6,216,-0.4256158471107483,0.03261237218976021,-0.3019828200340271,-0.06140059977769852,4,1.0,65.03062107186874,65.03062107186874,0.9597585201263428,49.68136462363466,15.34925644823408,15.34925644823408
6,217,-0.42806658148765564,0.03291326388716698,-0.20254281163215637,0.09692418575286865,0,-1.0,66.17549307863915,66.17549307863915,0.959163248538971,49.21374353889729,16.96174953974186,16.96174953974186
6,218,-0.4304192364215851,0.03341514617204666,-0.26066169142723083,0.012274629436433315,0,-1.0,66.17549307863915,66.17549307863915,0.9578773379325867,48.742000293291234,17.433492785347916,17.433492785347916
6,219,-0.4333280920982361,0.03310960531234741,-0.31439781188964844,-0.0655575841665268,4,1.0,65.03062107186874,65.03062107186874,0.9582729339599609,48.26679086399864,16.7638302078701,16.7638302078701
6,220,-0.43589746952056885,0.033377937972545624,-0.21400192379951477,0.09431354701519012,0,-1.0,66.17549307863915,66.17549307863915,0.9576537013053894,47.786381747513815,18.389111331125335,18.389111331125335
6,221,-0.43835964798927307,0.03386209160089493,-0.27123552560806274,0.011100673116743565,0,-1.0,66.17549307863915,66.17549307863915,0.9563443064689636,47.30174550122063,18.87374757741852,18.87374757741852
6,222,-0.44136953353881836,0.03355257213115692,-0.32415375113487244,-0.06540124863386154,4,1.0,65.03062107186874,65.03062107186874,0.9567140340805054,46.81353656035522,18.21708451151352,18.21708451151352
6,223,-0.44403210282325745,0.03382964804768562,-0.22300392389297485,0.09569773823022842,0,-1.0,66.17549307863915,66.17549307863915,0.9560707807540894,46.32002275381284,19.855470324826307,19.855470324826307
6,224,-0.4465802311897278,0.03433438763022423,-0.27953705191612244,0.013635491020977497,0,-1.0,66.17549307863915,66.17549307863915,0.9547726511955261,45.82217371016036,20.353319368478793,20.353319368478793
6,225,-0.44966939091682434,0.03405653312802315,-0.3318062424659729,-0.061791788786649704,4,1.0,65.03062107186874,65.03062107186874,0.9550822377204895,45.320607130267504,19.710013941601233,19.710013941601233
6,226,-0.45240503549575806,0.03437560051679611,-0.23005710542201996,0.10030604153871536,0,-1.0,66.17549307863915,66.17549307863915,0.9544147849082947,44.813661507623245,21.361831571015905,21.361831571015905
6,227,-0.4550205171108246,0.03493204340338707,-0.28603070974349976,0.01919224113225937,0,-1.0,66.17549307863915,66.17549307863915,0.9531561136245728,44.30226941688379,21.87322366175536,21.87322366175536
6,228,-0.458171546459198,0.034715112298727036,-0.3377794325351715,-0.05533870309591293,4,1.0,65.03062107186874,65.03062107186874,0.9533766508102417,43.78698313460527,21.243637937263465,21.243637937263465
6,229,-0.460964173078537,0.03510376438498497,-0.23554940521717072,0.10759855061769485,0,-1.0,66.17549307863915,66.17549307863915,0.9526846408843994,43.26626917555053,22.909223903088616,22.909223903088616
6,230,-0.46363189816474915,0.03573806583881378,-0.29107049107551575,0.027297023683786392,0,-1.0,66.17549307863915,66.17549307863915,0.9514896273612976,42.74099447946074,23.43449859917841,23.43449859917841
6,231,-0.46683090925216675,0.035606954246759415,-0.3423963189125061,-0.04645537585020065,4,1.0,65.03062107186874,65.03062107186874,0.951596200466156,42.21162106272671,22.81900000914203,22.81900000914203
6,232,-0.46966737508773804,0.03608899936079979,-0.23977574706077576,0.1172163188457489,0,-1.0,66.17549307863915,66.17549307863915,0.9508788585662842,41.676792790162175,24.498700288476975,24.498700288476975
6,233,-0.47237515449523926,0.03682402893900871,-0.29492512345314026,0.03764258325099945,0,-1.0,66.17549307863915,66.17549307863915,0.949768602848053,41.137286799591806,25.038206279047344,25.038206279047344
6,234,-0.4756105840206146,0.036800868809223175,-0.3459015190601349,-0.03540077805519104,4,1.0,65.03062107186874,65.03062107186874,0.9497383832931519,40.59345272398359,24.437168347885148,24.437168347885148
6,235,-0.47848013043403625,0.03739779815077782,-0.2429591417312622,0.12894350290298462,0,-1.0,66.17549307863915,66.17549307863915,0.9489942193031311,40.04415589968731,26.13133717895184,26.13133717895184
6,236,-0.4812178611755371,0.03825456276535988,-0.2977973520755768,0.050054870545864105,0,-1.0,66.17549307863915,66.17549307863915,0.947987973690033,39.49006230341836,26.685430775220787,26.685430775220787
6,237,-0.48448020219802856,0.03835998848080635,-0.3484790623188019,-0.022310227155685425,4,1.0,65.03062107186874,65.03062107186874,0.9477990865707397,38.931388211846794,26.099232860021942,26.099232860021942
6,238,-0.48737385869026184,0.039092160761356354,-0.2452671229839325,0.14267948269844055,0,-1.0,66.17549307863915,66.17549307863915,0.9470258355140686,38.367261742703086,27.808231335936064,27.808231335936064
6,239,-0.4901329278945923,0.040090855211019516,-0.2998385727405548,0.06446758657693863,0,-1.0,66.17549307863915,66.17549307863915,0.9461420774459839,37.79821808806972,28.377274990569433,28.377274990569433
6,240,-0.4934140145778656,0.04034505784511566,-0.35026562213897705,-0.007217754609882832,4,1.0,65.03062107186874,65.03062107186874,0.9457720518112183,37.224319202650236,27.8063018692185,27.8063018692185
6,241,-0.4963240325450897,0.04123268276453018,-0.246823251247406,0.15841864049434662,0,-1.0,66.17549307863915,66.17549307863915,0.9449670910835266,36.644997122059614,29.530495956579536,29.530495956579536
6,242,-0.49909719824790955,0.04239364713430405,-0.3011597692966461,0.08090417087078094,0,-1.0,66.17549307863915,66.17549307863915,0.9441242218017578,36.06063639492534,30.11485668371381,30.11485668371381
6,243,-0.5023900866508484,0.04281723499298096,-0.3513604700565338,0.009927844628691673,0,-1.0,66.17549307863915,66.17549307863915,0.942694365978241,35.47122441729655,30.704268661342603,30.704268661342603
6,244,-0.5061632990837097,0.042564768344163895,-0.3977773189544678,-0.05516566336154938,4,1.0,65.03062107186874,65.03062107186874,0.942737877368927,34.877303082139704,30.153317989729032,30.153317989729032
6,245,-0.5095273852348328,0.043007850646972656,-0.29066747426986694,0.11643664538860321,0,-1.0,66.17549307863915,66.17549307863915,0.941868782043457,34.27733859067755,31.898154487961598,31.898154487961598
6,246,-0.512719452381134,0.04378099739551544,-0.3416194021701813,0.04440578818321228,0,-1.0,66.17549307863915,66.17549307863915,0.9407469630241394,33.67219172589302,32.50330135274613,32.50330135274613
6,247,-0.5163989663124084,0.043868668377399445,-0.3887113928794861,-0.021571453660726547,4,1.0,65.03062107186874,65.03062107186874,0.9404258131980896,33.06206541703928,31.96855565482946,31.96855565482946
6,248,-0.5196757316589355,0.044643938541412354,-0.2822175621986389,0.14927643537521362,0,-1.0,66.17549307863915,66.17549307863915,0.9395259618759155,32.44610060994059,33.729392468698556,33.729392468698556
6,249,-0.5227862596511841,0.04574288800358772,-0.3337118327617645,0.07667069137096405,0,-1.0,66.17549307863915,66.17549307863915,0.9385887384414673,31.824822876833007,34.35067020180614,34.35067020180614
6,250,-0.5263893008232117,0.04615156352519989,-0.38128721714019775,0.010259338654577732,0,-1.0,66.17549307863915,66.17549307863915,0.9371099472045898,31.198216301405598,34.977276777233556,34.977276777233556
6,251,-0.5304476022720337,0.04592808336019516,-0.4252767264842987,-0.050576433539390564,4,1.0,65.03062107186874,65.03062107186874,0.9370121955871582,30.566774095152535,34.4638469767162,34.4638469767162
6,252,-0.5340735912322998,0.04644075408577919,-0.3159445822238922,0.12493746727705002,0,-1.0,66.17549307863915,66.17549307863915,0.9360467195510864,29.929052423803412,36.24644065483574,36.24644065483574
6,253,-0.5375061631202698,0.047321707010269165,-0.3648114800453186,0.056654930114746094,0,-1.0,66.17549307863915,66.17549307863915,0.9349858164787292,29.28586434772962,36.88962873090953,36.88962873090953
6,254,-0.5414063334465027,0.047553494572639465,-0.4099689722061157,-0.0057893963530659676,4,1.0,65.03062107186874,65.03062107186874,0.93440842628479,28.637251041667568,36.39337003020117,36.39337003020117
6,255,-0.5448852181434631,0.0485067144036293,-0.3017060458660126,0.16831903159618378,0,-1.0,66.17549307863915,66.17549307863915,0.9334082007408142,27.982669308467454,38.1928237701717,38.1928237701717
6,256,-0.5481806993484497,0.049815863370895386,-0.35152551531791687,0.09889870882034302,0,-1.0,66.17549307863915,66.17549307863915,0.9323698878288269,27.322485967400645,38.853007111238504,38.853007111238504
6,257,-0.5519525408744812,0.050465863198041916,-0.39754006266593933,0.03552946448326111,0,-1.0,66.17549307863915,66.17549307863915,0.9310718774795532,26.656682908658404,39.518810169980746,39.518810169980746
6,258,-0.5561646819114685,0.050513532012701035,-0.4400724768638611,-0.022387269884347916,4,1.0,65.03062107186874,65.03062107186874,0.9305879473686218,25.985465688059445,39.04515538380929,39.04515538380929
6,259,-0.5599305629730225,0.05132544785737991,-0.32941505312919617,0.15583208203315735,0,-1.0,66.17549307863915,66.17549307863915,0.9295146465301514,25.307957313829114,40.867535764810036,40.867535764810036
6,260,-0.5634901523590088,0.05253300070762634,-0.37700197100639343,0.09028706699609756,4,1.0,32.0816843639421,32.0816843639421,0.9288000464439392,24.624689562928246,7.456994801013856,7.456994801013856
6,261,-0.5666515827178955,0.05443361774086952,-0.2709764838218689,0.26167938113212585,4,1.0,32.0816843639421,32.0816843639421,0.9280975461006165,23.935241935842736,8.146442428099366,8.146442428099366
6,262,-0.5687973499298096,0.05798162892460823,-0.17281565070152283,0.42125943303108215,4,1.0,32.0816843639421,32.0816843639421,0.9273720383644104,23.239539787618302,8.8421445763238,8.8421445763238
6,263,-0.5700021982192993,0.06306667625904083,-0.0818641185760498,0.5702723264694214,4,1.0,32.0816843639421,32.0816843639421,0.9265267848968506,22.537543181064535,9.544141182877567,9.544141182877567
6,264,-0.5703347325325012,0.06959023326635361,0.0024774400517344475,0.709861159324646,0,-1.0,31.572774693014566,31.572774693014566,0.9253161549568176,21.82930949107847,9.743465201936097,9.743465201936097
6,265,-0.5707098245620728,0.07615266740322113,-0.06901813298463821,0.6104897260665894,4,1.0,32.0816843639421,32.0816843639421,0.9240010976791382,21.115144783961263,10.96653957998084,10.96653957998084
6,266,-0.5709148645401001,0.08309105783700943,0.014929087832570076,0.7513359189033508,0,-1.0,31.572774693014566,31.572774693014566,0.9228020906448364,20.395094632608206,11.17768006040636,11.17768006040636
6,267,-0.5711652636528015,0.09008455276489258,-0.05675195902585983,0.6538443565368652,4,1.0,32.0816843639421,32.0816843639421,0.9209853410720825,19.668982365619566,12.412701998322536,12.412701998322536
6,268,-0.5712482333183289,0.09747050702571869,0.026855135336518288,0.7961260080337524,0,-1.0,31.572774693014566,31.572774693014566,0.919741690158844,18.937370731866146,12.63540396114842,12.63540396114842
6,269,-0.5713785886764526,0.10493026673793793,-0.04491876810789108,0.7008182406425476,4,1.0,32.0816843639421,32.0816843639421,0.9173818826675415,18.199625294653842,13.88205906928826,13.88205906928826
6,270,-0.5713435411453247,0.11280118674039841,0.038387782871723175,0.844695508480072,1,-0.5,25.444315488911016,25.444315488911016,0.9160112738609314,17.45681152725889,7.987503961652127,7.987503961652127
6,271,-0.5711451768875122,0.121092289686203,0.003883012570440769,0.8090361952781677,1,-0.5,25.444315488911016,25.444315488911016,0.913899302482605,16.70787904383632,8.736436445074695,8.736436445074695
6,272,-0.5712737441062927,0.12906406819820404,-0.027593089267611504,0.7793061137199402,2,0.0,25.308514358576126,25.308514358576126,0.9116336703300476,15.95351489025628,9.354999468319846,9.354999468319846
6,273,-0.5714887976646423,0.13709703087806702,-0.019093770533800125,0.8119875192642212,2,0.0,25.308514358576126,25.308514358576126,0.9091543555259705,15.193819414066901,10.114694944509225,10.114694944509225
6,274,-0.5716198682785034,0.14546442031860352,-0.010872145183384418,0.8454432487487793,2,0.0,25.308514358576126,25.308514358576126,0.9064412713050842,14.4289546045868,10.879559753989327,10.879559753989327
6,275,-0.5716693997383118,0.15417461097240448,-0.0028985615354031324,0.8797670602798462,2,0.0,25.308514358576126,25.308514358576126,0.9033755660057068,13.659104377052238,11.649409981523888,11.649409981523888
6,276,-0.5716396570205688,0.16323693096637726,0.004853717517107725,0.9150488972663879,0,-1.0,18.278678180011568,18.278678180011568,0.9001733064651489,12.884574556612657,5.394103623398911,5.394103623398911
6,277,-0.5719536542892456,0.17202064394950867,-0.06157245486974716,0.8387470841407776,3,0.5,17.956585103131964,17.956585103131964,0.8968986868858337,12.105455808229806,5.851129294902158,5.851129294902158
6,278,-0.5722694396972656,0.18105922639369965,-0.011711398139595985,0.9406600594520569,3,0.5,17.956585103131964,17.956585103131964,0.8924809694290161,11.321774870044417,6.634810233087547,6.634810233087547
6,279,-0.5721056461334229,0.19109737873077393,0.03469236567616463,1.0385701656341553,0,-1.0,18.278678180011568,18.278678180011568,0.8889208436012268,10.53464030365192,7.7440378763596485,7.7440378763596485
6,280,-0.5721233487129211,0.20114727318286896,-0.03245430067181587,0.9658727645874023,3,0.5,17.956585103131964,17.956585103131964,0.8842940330505371,9.743150969748173,8.21343413338379,8.21343413338379
6,281,-0.5721529722213745,0.21147967875003815,0.016147494316101074,1.0698186159133911,0,-1.0,12.069157922519226,12.069157922519226,0.8797429800033569,8.948340340098623,3.120817582420603,3.120817582420603
6,282,-0.5723403692245483,0.2218908816576004,-0.04850511625409126,1.004341721534729,2,0.0,11.687295135588041,11.687295135588041,0.8747775554656982,8.150098343530573,3.5371967920574683,3.5371967920574683
6,283,-0.5727266073226929,0.23233383893966675,-0.034652385860681534,1.058745265007019,2,0.0,11.687295135588041,11.687295135588041,0.8693482875823975,7.348808876833208,4.338486258754833,4.338486258754833
6,284,-0.572977602481842,0.24332714080810547,-0.02148708701133728,1.1136177778244019,2,0.0,11.687295135588041,11.687295135588041,0.8634141087532043,6.54490968611193,5.142385449476111,5.142385449476111
6,285,-0.5730999112129211,0.2548765242099762,-0.008955035358667374,1.1691179275512695,2,0.0,11.687295135588041,11.687295135588041,0.8568713068962097,5.73888442157447,5.948410714013571,5.948410714013571
6,286,-0.5730994939804077,0.26698923110961914,0.0029910944867879152,1.2253934144973755,4,1.0,4.866778882465841,4.866778882465841,0.8480562567710876,4.931326378462889,-0.06454749599704801,-0.06454749599704801
6,287,-0.5725711584091187,0.28028544783592224,0.08662612736225128,1.3900294303894043,2,0.0,3.778498993557919,3.778498993557919,0.8397429585456848,4.124515274436163,-0.3460162808782443,-0.3460162808782443
6,288,-0.5716512203216553,0.2945805788040161,0.09207313507795334,1.4403042793273926,2,0.0,3.778498993557919,3.778498993557919,0.8307031989097595,3.317951834232807,0.4605471593251118,0.4605471593251118
6,289,-0.5706763863563538,0.30939435958862305,0.0974799394607544,1.4925698041915894,2,0.0,3.778498993557919,3.778498993557919,0.8208773136138916,2.5123723589121694,1.2661266346457496,1.2661266346457496
6,290,-0.5696471333503723,0.32474687695503235,0.10282962024211884,1.5468647480010986,2,0.0,1.933353118067358,1.933353118067358,0.8102014660835266,1.7085808538366445,0.2247722642307135,0.2247722642307135
6,291,-0.5685642957687378,0.34065869450569153,0.10810235887765884,1.6032249927520752,2,0.0,1.933353118067358,1.933353118067358,0.7986072897911072,0.9074539270233513,1.0258991910440067,1.0258991910440067
6,292,-0.5674288272857666,0.3571506440639496,0.11327534168958664,1.6616836786270142,2,0.0,1.933353118067358,1.933353118067358,0.7860208749771118,0.10994609821438794,1.82340701985297,1.82340701985297
6,293,-0.566241979598999,0.3742438852787018,0.11832243204116821,1.7222704887390137,0,-1.0,-0.9186968576104202,-0.9186968576104202,0.7739192843437195,-0.6829038149118423,-0.23579304269857793,-0.23579304269857793
6,294,-0.5654022693634033,0.3913898766040802,0.05341901630163193,1.6849104166030884,0,-1.0,-0.9186968576104202,-0.9186968576104202,0.7611108422279358,-1.471538484096527,0.5528416264861069,0.5528416264861069
6,295,-0.5651792883872986,0.4082297384738922,-0.005990645848214626,1.6584163904190063,4,1.0,-0.12453835636576088,-0.12453835636576088,-2.2552013397216797,-2.2552013397216797,2.130662983355919,2.130662983355919
7,0,-0.1758979856967926,-0.07155023515224457,0.11858433485031128,-0.05180029571056366,0,-1.0,37.324522964102016,37.324522964102016,0.9872438311576843,34.11460235808019,3.209920606021825,3.209920606021825
7,1,-0.17521746456623077,-0.07292736321687698,0.031059280037879944,-0.197383314371109,0,-1.0,37.324522964102016,37.324522964102016,0.9859517216682434,33.46197831002274,3.8625446540792794,3.8625446540792794
7,2,-0.1753753274679184,-0.07570520788431168,-0.04997161030769348,-0.33319583535194397,1,-0.5,38.12169275418427,38.12169275418427,0.9845938086509705,32.80406726096413,5.317625493220135,5.317625493220135
7,3,-0.17609693109989166,-0.07946479320526123,-0.0876193642616272,-0.4026670753955841,1,-0.5,38.12169275418427,38.12169275418427,0.9831127524375916,32.1408822750638,5.980810479120464,5.980810479120464
7,4,-0.17718029022216797,-0.08390067517757416,-0.12262130528688431,-0.4686341881752014,1,-0.5,38.12169275418427,38.12169275418427,0.9814930558204651,31.4724944672992,6.649198286885067,6.649198286885067
7,5,-0.17860031127929688,-0.08898064494132996,-0.15520529448986053,-0.5315473675727844,1,-0.5,38.12169275418427,38.12169275418427,0.9797173142433167,30.798991324725996,7.32270142945827,7.32270142945827
7,6,-0.18033407628536224,-0.09467678517103195,-0.18558001518249512,-0.5918228030204773,1,-0.5,38.12169275418427,38.12169275418427,0.9777662754058838,30.120478798467353,8.001213955716914,8.001213955716914
7,7,-0.18236058950424194,-0.10096517950296402,-0.21393650770187378,-0.64984530210495,1,-0.5,38.12169275418427,38.12169275418427,0.975619375705719,29.437083356627745,8.684609397556521,8.684609397556521
7,8,-0.18466074764728546,-0.10782553255558014,-0.24044957756996155,-0.7059710621833801,3,0.5,34.53562113170182,34.53562113170182,0.9747538566589355,28.748953516082857,5.78666761561896,5.78666761561896
7,9,-0.18679261207580566,-0.11458975821733475,-0.1906757652759552,-0.6460719108581543,3,0.5,34.53562113170182,34.53562113170182,0.9738869071006775,28.054747130731233,6.480874000970584,6.480874000970584
7,10,-0.1884508728981018,-0.12079985439777374,-0.1450127214193344,-0.5935356020927429,3,0.5,34.53562113170182,34.53562113170182,0.9730260968208313,27.35440426629349,7.181216865408327,7.181216865408327
7,11,-0.18967457115650177,-0.1265256553888321,-0.10311582684516907,-0.5477410554885864,3,0.5,34.53562113170182,34.53562113170182,0.9721751809120178,26.647856736841067,7.887764394860749,7.887764394860749
7,12,-0.19049955904483795,-0.13183116912841797,-0.06467068940401077,-0.508125364780426,3,0.5,34.53562113170182,34.53562113170182,0.9713347554206848,25.935031874675808,8.600589257026009,8.600589257026009
7,13,-0.19095861911773682,-0.13677506148815155,-0.029390711337327957,-0.47417929768562317,3,0.5,34.53562113170182,34.53562113170182,0.9704433083534241,25.215855676015277,9.31976545568654,9.31976545568654
7,14,-0.1910819262266159,-0.14141127467155457,0.002985292114317417,-0.4454423487186432,3,0.5,31.874286221281782,31.874286221281782,0.9690226912498474,24.49031552289076,7.383970698391021,7.383970698391021
7,15,-0.1908971071243286,-0.14578936994075775,0.032695330679416656,-0.4214988946914673,3,0.5,31.874286221281782,31.874286221281782,0.9676513671875,23.758881648122134,8.115404573159648,8.115404573159648
7,16,-0.19042956829071045,-0.14995500445365906,0.059956323355436325,-0.40197375416755676,3,0.5,31.874286221281782,31.874286221281782,0.9663195610046387,23.021444728216803,8.852841493064979,8.852841493064979
7,17,-0.18970264494419098,-0.15395039319992065,0.08496592938899994,-0.38652902841567993,3,0.5,31.874286221281782,31.874286221281782,0.965016782283783,22.277904209305216,9.596382011976566,9.596382011976566
7,18,-0.18873780965805054,-0.15781448781490326,0.10790430009365082,-0.3748604357242584,2,0.0,23.776988285399575,23.776988285399575,0.963701069355011,21.52816911820347,2.248819167196107,2.248819167196107
7,19,-0.18776552379131317,-0.16190458834171295,0.0918935164809227,-0.42314934730529785,2,0.0,23.776988285399575,23.776988285399575,0.9621751308441162,20.772189948331775,3.0047983370678004,3.0047983370678004
7,20,-0.18694789707660675,-0.16647382080554962,0.07689836621284485,-0.4704975187778473,2,0.0,23.776988285399575,23.776988285399575,0.960429310798645,20.010115977260263,3.7668723081393125,3.7668723081393125
7,21,-0.18627536296844482,-0.17151415348052979,0.06282449513673782,-0.5171194672584534,2,0.0,23.776988285399575,23.776988285399575,0.9584522843360901,19.242107743900625,4.53488054149895,4.53488054149895
7,22,-0.185739204287529,-0.1770196259021759,0.04958553612232208,-0.5632160902023315,2,0.0,23.776988285399575,23.776988285399575,0.9562305212020874,18.468338848044986,5.308649437354589,5.308649437354589
7,23,-0.18533159792423248,-0.1829862743616104,0.03710249811410904,-0.6089761257171631,2,0.0,23.776988285399575,23.776988285399575,0.9537488222122192,17.688998309942324,6.087989975457251,6.087989975457251
7,24,-0.18504536151885986,-0.18941187858581543,0.025303304195404053,-0.65457683801651,2,0.0,23.776988285399575,23.776988285399575,0.9509900212287903,16.90429241184859,6.872695873550985,6.872695873550985
7,25,-0.18487411737442017,-0.19629596173763275,0.014122279360890388,-0.700185239315033,2,0.0,23.776988285399575,23.776988285399575,0.9479349255561829,16.11444685921192,7.662541426187655,7.662541426187655
7,26,-0.18481199443340302,-0.20363962650299072,0.003499759128317237,-0.7459585666656494,2,0.0,23.776988285399575,23.776988285399575,0.9444301724433899,15.319709023894685,8.45727926150489,8.45727926150489
7,27,-0.18485376238822937,-0.21144552528858185,-0.00661829486489296,-0.7920452356338501,3,0.5,15.55869681147104,15.55869681147104,0.9409128427505493,14.520483688334641,1.0382131231363978,1.0382131231363978
7,28,-0.18478624522686005,-0.2194032371044159,0.02035943791270256,-0.7833156585693359,4,1.0,14.193921587132538,14.193921587132538,0.9372481107711792,13.71673822786272,0.4771833592698176,0.4771833592698176
7,29,-0.18425513803958893,-0.2269909381866455,0.08152829855680466,-0.7243456244468689,4,1.0,14.193921587132538,14.193921587132538,0.9337685108184814,12.908575875850042,1.2853457112824955,1.2853457112824955
7,30,-0.18314139544963837,-0.23404178023338318,0.13772708177566528,-0.6741102337837219,4,1.0,14.193921587132538,14.193921587132538,0.9304520487785339,12.095765015183394,2.0981565719491435,2.0981565719491435
7,31,-0.18149226903915405,-0.24063868820667267,0.18937449157238007,-0.6318714022636414,4,1.0,14.193921587132538,14.193921587132538,0.9272745847702026,11.278093905459455,2.9158276816730826,2.9158276816730826
7,32,-0.17935103178024292,-0.2468576282262802,0.23684994876384735,-0.5969674587249756,4,1.0,14.193921587132538,14.193921587132538,0.9242104887962341,10.455373051201265,3.7385485359312725,3.7385485359312725
7,33,-0.17675738036632538,-0.2527683675289154,0.2804976999759674,-0.5688048601150513,4,1.0,14.193921587132538,14.193921587132538,0.9212329983711243,9.627436931722254,4.566484655410283,4.566484655410283
7,34,-0.17374779284000397,-0.2584351599216461,0.32063016295433044,-0.5468523502349854,4,1.0,14.193921587132538,14.193921587132538,0.9183149337768555,8.794145387223363,5.399776199909175,5.399776199909175
7,35,-0.17035572230815887,-0.2639172077178955,0.35753127932548523,-0.5306333899497986,0,-1.0,8.336828462787174,8.336828462787174,0.9150814414024353,7.955384296410614,0.38144416637656064,0.38144416637656064
7,36,-0.16743524372577667,-0.2704957127571106,0.24673053622245789,-0.73528653383255,0,-1.0,8.336828462787174,8.336828462787174,0.9105606079101562,7.111417025260787,1.2254114375263878,1.2254114375263878
7,37,-0.16557633876800537,-0.27905723452568054,0.14410249888896942,-0.9284760355949402,0,-1.0,8.336828462787174,8.336828462787174,0.9047209024429321,6.263491330657202,2.0733371321299723,2.0733371321299723
7,38,-0.16470052301883698,-0.2894938886165619,0.049074430018663406,-1.111296534538269,0,-1.0,8.336828462787174,8.336828462787174,0.8967318534851074,5.412899422438657,2.9239290403485176,2.9239290403485176
7,39,-0.1647348552942276,-0.3017081618309021,-0.03888467326760292,-1.2847745418548584,3,0.5,3.7806957317434007,3.7806957317434007,0.8889205455780029,4.561785423185404,-0.7810896914420029,-0.7810896914420029
7,40,-0.1650010645389557,-0.314713716506958,-0.012991603463888168,-1.291937232017517,3,0.5,3.7806957317434007,3.7806957317434007,0.8804547786712646,3.709964522835758,0.07073120890764262,0.07073120890764262
7,41,-0.16502270102500916,-0.32782673835754395,0.01051413081586361,-1.304636001586914,0,-1.0,1.88078297482906,1.88078297482906,0.8694382309913635,2.8580906506712056,-0.9773076758421455,-0.9773076758421455
7,42,-0.16542772948741913,-0.34198465943336487,-0.07456326484680176,-1.4778587818145752,4,1.0,2.518229560474589,2.518229560474589,0.8599789142608643,2.0087398178584266,0.5094897426161622,0.5094897426161622
7,43,-0.16584321856498718,-0.3566654324531555,-0.011974644847214222,-1.4380735158920288,4,1.0,2.518229560474589,2.518229560474589,0.8493658304214478,1.160364549088447,1.3578650113861417,1.3578650113861417
7,44,-0.1656639128923416,-0.3710114657878876,0.045330800116062164,-1.408483862876892,2,0.0,-1.0469796882808036,-1.0469796882808036,0.8380520343780518,0.31414011986565604,-1.3611198081464595,-1.3611198081464595
7,45,-0.16533760726451874,-0.3856915533542633,0.02790858969092369,-1.4887139797210693,2,0.0,-1.0469796882808036,-1.0469796882808036,0.8256360292434692,-0.529203954052925,-0.5177757342278786,-0.5177757342278786
7,46,-0.1651790589094162,-0.4011791944503784,0.011647233739495277,-1.5692168474197388,2,0.0,-1.0469796882808036,-1.0469796882808036,0.8119694590568542,-1.3685252356529234,0.3215455473721198,0.3215455473721198
7,47,-0.1651768982410431,-0.41747814416885376,-0.0035071088932454586,-1.6501765251159668,4,1.0,-0.5167068541978838,-0.5167068541978838,-2.2025198936462402,-2.2025198936462402,1.6858130394483566,1.6858130394483566
8,0,0.012177914381027222,0.025113418698310852,0.007543250918388367,0.19918188452720642,1,-0.5,66.10146552123945,66.10146552123945,0.9982281923294067,49.99823459684614,16.10323092439331,16.10323092439331
8,1,0.012046726420521736,0.02681511826813221,-0.02922666259109974,0.14629743993282318,2,0.0,65.25637898609452,65.25637898609452,0.9981328845024109,49.494955964158315,15.761423021936203,15.761423021936203
8,2,0.011777783744037151,0.0283446554094553,-0.02561068907380104,0.155971959233284,2,0.0,65.25637898609452,65.25637898609452,0.9980252981185913,48.98668997945041,16.269689006644107,16.269689006644107
8,3,0.011544070206582546,0.029971245676279068,-0.022185521200299263,0.1655856817960739,2,0.0,65.25637898609452,65.25637898609452,0.9979044795036316,48.47339866801194,16.78298031808258,16.78298031808258
8,4,0.011343799531459808,0.031694576144218445,-0.018931811675429344,0.17518317699432373,2,0.0,65.25637898609452,65.25637898609452,0.9977694153785706,47.955044634856876,17.301334351237642,17.301334351237642
8,5,0.011175367049872875,0.033514756709337234,-0.01583169773221016,0.18480658531188965,2,0.0,65.25637898609452,65.25637898609452,0.9976189732551575,47.43159113078617,17.82478785530835,17.82478785530835
8,6,0.011037341319024563,0.03543233871459961,-0.012868663296103477,0.1944960355758667,2,0.0,65.25637898609452,65.25637898609452,0.9974520206451416,46.903002179324254,18.353376806770264,18.353376806770264
8,7,0.010928448289632797,0.0374482199549675,-0.01002741139382124,0.20428983867168427,2,0.0,65.25637898609452,65.25637898609452,0.9972671270370483,46.36924258452436,18.88713640157016,18.88713640157016
8,8,0.010847561061382294,0.03956371545791626,-0.0072937458753585815,0.21422484517097473,2,0.0,65.25637898609452,65.25637898609452,0.9970628619194031,45.83027823988617,19.42610074620835,19.42610074620835
8,9,0.010793687775731087,0.041780464351177216,-0.004654512275010347,0.22433637082576752,2,0.0,65.25637898609452,65.25637898609452,0.9968376755714417,45.28607613936037,19.97030284673415,19.97030284673415
8,10,0.010765964165329933,0.044100478291511536,-0.0020974718499928713,0.23465856909751892,2,0.0,65.25637898609452,65.25637898609452,0.9965821504592896,44.736604508877704,20.519774477216814,20.519774477216814
8,11,0.010763643309473991,0.04652610048651695,0.00038878750638104975,0.245224729180336,1,-0.5,66.10146552123945,66.10146552123945,0.9962648153305054,44.181840766079205,21.919624755160243,21.919624755160243
8,12,0.010572713799774647,0.048731014132499695,-0.03469148278236389,0.1982411891222,2,0.0,65.25637898609452,65.25637898609452,0.99603271484375,43.621793889645154,21.634585096449364,21.634585096449364
8,13,0.010260216891765594,0.050821974873542786,-0.02951986901462078,0.21363796293735504,2,0.0,65.25637898609452,65.25637898609452,0.9957730174064636,43.056324418991316,22.2000545671032,22.2000545671032
8,14,0.009998057037591934,0.0530671551823616,-0.024627428501844406,0.22892345488071442,0,-1.0,59.96639455395799,59.96639455395799,0.9953858256340027,42.48540545614632,17.480989097811673,17.480989097811673
8,15,0.009357024915516376,0.05480840057134628,-0.09497170150279999,0.1285916566848755,0,-1.0,59.96639455395799,59.96639455395799,0.9951128363609314,41.909110737891226,18.057283816066764,18.057283816066764
8,16,0.00804330687969923,0.05559566244482994,-0.1599472016096115,0.03678186610341072,0,-1.0,59.96639455395799,59.96639455395799,0.9944743514060974,41.32727060760636,18.63912394635163,18.63912394635163
8,17,0.006107867229729891,0.055508870631456375,-0.22001329064369202,-0.04736201837658882,2,0.0,59.36379437847489,59.36379437847489,0.9948897957801819,40.740198238586125,18.623596139888768,18.623596139888768
8,18,0.004023878835141659,0.055277206003665924,-0.2006078064441681,-0.009066043421626091,2,0.0,59.36379437847489,59.36379437847489,0.9949668049812317,40.14677620485449,19.217018173620403,19.217018173620403
8,19,0.002125590108335018,0.05541539192199707,-0.18266578018665314,0.026949001476168633,0,-1.0,59.96639455395799,59.96639455395799,0.9942644834518433,39.5472822220942,20.419112331863786,20.419112331863786
8,20,-2.742313881753944e-05,0.05524485930800438,-0.24103944003582,-0.0546172633767128,1,-0.5,60.44769500461051,60.44769500461051,0.9940805435180664,38.94244216024481,21.5052528443657,21.5052528443657
8,21,-0.0025260939728468657,0.05462529882788658,-0.2575627565383911,-0.0717335194349289,1,-0.5,60.44769500461051,60.44769500461051,0.9939311742782593,38.331678400734084,22.116016603876425,22.116016603876425
8,22,-0.005183209665119648,0.05384431779384613,-0.27288198471069336,-0.08709278702735901,1,-0.5,60.44769500461051,60.44769500461051,0.9938115477561951,37.71489618833922,22.73279881627129,22.73279881627129
8,23,-0.007987307384610176,0.052918411791324615,-0.287095844745636,-0.10087114572525024,1,-0.5,60.44769500461051,60.44769500461051,0.9937173128128052,37.092004687457596,23.355690317152913,23.355690317152913
8,24,-0.010927862487733364,0.05186241492629051,-0.30029451847076416,-0.11322937905788422,4,1.0,65.03062107186874,65.03062107186874,0.9950478672981262,36.46291654004524,28.567704531823495,28.567704531823495
8,25,-0.01335522998124361,0.05167608708143234,-0.20006470382213593,0.049089014530181885,0,-1.0,66.17549307863915,66.17549307863915,0.994544506072998,35.82612997247183,30.349363106167317,30.349363106167317
8,26,-0.01567637175321579,0.051731664687395096,-0.2573397755622864,-0.03136182576417923,4,1.0,65.03062107186874,65.03062107186874,0.994965136051178,35.18341966302913,29.84720140883961,29.84720140883961
8,27,-0.017692534253001213,0.05233566462993622,-0.16033069789409637,0.12599152326583862,0,-1.0,66.17549307863915,66.17549307863915,0.9946884512901306,34.53379245149288,31.64170062714627,31.64170062714627
8,28,-0.01963300257921219,0.05313541740179062,-0.22054354846477509,0.04113474860787392,4,1.0,32.0816843639421,32.0816843639421,0.9947102069854736,33.87788282848762,-1.796198464545519,-1.796198464545519
8,29,-0.021296370774507523,0.05444258451461792,-0.12622414529323578,0.19455988705158234,4,1.0,32.0816843639421,32.0816843639421,0.9945518970489502,33.2153258803052,-1.1336415163630988,-1.1336415163630988
8,30,-0.022056320682168007,0.057224247604608536,-0.03891388699412346,0.3374042809009552,4,1.0,32.0816843639421,32.0816843639421,0.9933620691299438,32.54623634672349,-0.4645519827813871,-0.4645519827813871
8,31,-0.021979471668601036,0.061381567269563675,0.04197390750050545,0.470783531665802,0,-1.0,31.572774693014566,31.572774693014566,0.9934582710266113,31.871590179387418,-0.2988154863728525,-0.2988154863728525
8,32,-0.021979542449116707,0.0655127465724945,-0.03290252760052681,0.3648413121700287,4,1.0,32.0816843639421,32.0816843639421,0.9920352697372437,31.19003223066748,0.8916521332746221,0.8916521332746221
8,33,-0.021842148154973984,0.06995414197444916,0.04791473597288132,0.49930626153945923,0,-1.0,31.572774693014566,31.572774693014566,0.9921291470527649,30.503027233262866,1.0697474597516994,1.0697474597516994
8,34,-0.02178175188601017,0.07438229024410248,-0.02692345529794693,0.39479169249534607,4,1.0,32.0816843639421,32.0816843639421,0.9904540777206421,29.808987965868788,2.2726963980733146,2.2726963980733146
8,35,-0.021583978086709976,0.07913371920585632,0.05384267121553421,0.5304456949234009,0,-1.0,31.572774693014566,31.572774693014566,0.990524172782898,29.109630190048634,2.463144502965932,2.463144502965932
8,36,-0.021462973207235336,0.08388619124889374,-0.020919084548950195,0.4275231659412384,4,1.0,32.0816843639421,32.0816843639421,0.9885727763175964,28.403137391177513,3.6785469727645896,3.6785469727645896
8,37,-0.021204428747296333,0.08897630125284195,0.059810884296894073,0.564468264579773,0,-1.0,31.572774693014566,31.572774693014566,0.9885950684547424,27.691479408949412,3.8812952840651533,3.8812952840651533
8,38,-0.021022142842411995,0.09408315271139145,-0.014837058261036873,0.4633115828037262,4,1.0,32.0816843639421,32.0816843639421,0.9863384962081909,26.97261044494411,5.109073918997993,5.109073918997993
8,39,-0.020701933652162552,0.09954333305358887,0.0658673644065857,0.6016483306884766,0,-1.0,31.572774693014566,31.572774693014566,0.9862849116325378,26.248759544177695,5.324015148836871,5.324015148836871
8,40,-0.020457221195101738,0.10503746569156647,-0.008629551157355309,0.5024425983428955,2,0.0,25.308514358576126,25.308514358576126,0.9850963950157166,25.517651143985006,-0.20913678540888014,-0.20913678540888014
8,41,-0.0204986073076725,0.110250324010849,-0.0025794128887355328,0.5277249217033386,2,0.0,25.308514358576126,25.308514358576126,0.9837247133255005,24.780358332292213,0.5281560262839129,0.5281560262839129
8,42,-0.02048015035688877,0.11572084575891495,0.0032692095264792442,0.5534834861755371,1,-0.5,25.444315488911016,25.444315488911016,0.9823461174964905,24.037003655521932,1.407311833389084,1.407311833389084
8,43,-0.020615730434656143,0.12112931907176971,-0.028327204287052155,0.5226656794548035,2,0.0,25.308514358576126,25.308514358576126,0.9809201955795288,23.287532866692366,2.0209814918837594,2.0209814918837594
8,44,-0.020839732140302658,0.12658445537090302,-0.02002463862299919,0.5538069605827332,2,0.0,25.308514358576126,25.308514358576126,0.9793472290039062,22.531931991023068,2.7765823675530577,2.7765823675530577
8,45,-0.020982300862669945,0.13235466182231903,-0.012088065966963768,0.5852060317993164,2,0.0,25.308514358576126,25.308514358576126,0.9776152968406677,21.770287638403193,3.5382267201729327,3.5382267201729327
8,46,-0.021046847105026245,0.138443261384964,-0.004477914422750473,0.6169703006744385,2,0.0,25.308514358576126,25.308514358576126,0.9756541848182678,21.002699334911643,4.305815023664483,4.305815023664483
8,47,-0.021036405116319656,0.14485463500022888,0.00284199439920485,0.6492020487785339,1,-0.5,25.444315488911016,25.444315488911016,0.9736285209655762,20.229338535447855,5.214976953463161,5.214976953463161
8,48,-0.021164806559681892,0.15127164125442505,-0.027207575738430023,0.62533038854599,2,0.0,25.308514358576126,25.308514358576126,0.9715162515640259,19.450212135840687,5.858302222735439,5.858302222735439
8,49,-0.02136746048927307,0.1578025221824646,-0.017600059509277344,0.6629543900489807,3,0.5,17.956585103131964,17.956585103131964,0.9686002731323242,18.665349378057233,-0.7087642749252687,-0.7087642749252687
8,50,-0.021265272051095963,0.16503505408763885,0.028607476502656937,0.7573228478431702,0,-1.0,18.278678180011568,18.278678180011568,0.9664571285247803,17.875504146388796,0.40317403362277204,0.40317403362277204
8,51,-0.0213499516248703,0.17223110795021057,-0.03934096544981003,0.678959310054779,3,0.5,17.956585103131964,17.956585103131964,0.9636472463607788,17.079845472589916,0.8767396305420476,0.8767396305420476
8,52,-0.02145160175859928,0.17965945601463318,0.009026707150042057,0.7785984873771667,0,-1.0,18.278678180011568,18.278678180011568,0.9607991576194763,16.27898810730216,1.9996900727094093,1.9996900727094093
8,53,-0.021717779338359833,0.18710780143737793,-0.05662880092859268,0.7061688303947449,3,0.5,17.956585103131964,17.956585103131964,0.9578229188919067,15.472918130992609,2.483666972139355,2.483666972139355
8,54,-0.021980756893754005,0.1948411911725998,-0.00645420141518116,0.8105679750442505,3,0.5,17.956585103131964,17.956585103131964,0.9534980058670044,14.661712335455254,3.2948727676767096,3.2948727676767096
8,55,-0.021761534735560417,0.20359700918197632,0.040203869342803955,0.9106994867324829,0,-1.0,18.278678180011568,18.278678180011568,0.9503276348114014,13.846681140998232,4.431997039013336,4.431997039013336
8,56,-0.021719971671700478,0.21238960325717926,-0.02646728977560997,0.8407963514328003,2,0.0,11.687295135588041,11.687295135588041,0.9463880062103271,13.026619703219021,-1.33932456763098,-1.33932456763098
8,57,-0.02189623937010765,0.22117099165916443,-0.014396374113857746,0.8911166787147522,2,0.0,11.687295135588041,11.687295135588041,0.9420531392097473,12.202254239402722,-0.5149591038146806,-0.5149591038146806
8,58,-0.021954523399472237,0.2304610013961792,-0.002908548107370734,0.9418330788612366,2,0.0,11.687295135588041,11.687295135588041,0.9371310472488403,11.373940505245429,0.31335463034261224,0.31335463034261224
8,59,-0.021900352090597153,0.24026454985141754,0.008047486655414104,0.9930950999259949,0,-1.0,12.069157922519226,12.069157922519226,0.9321954250335693,10.54223177575413,1.5269261467650956,1.5269261467650956
8,60,-0.022152751684188843,0.24996767938137054,-0.05425076186656952,0.9360197186470032,2,0.0,11.687295135588041,11.687295135588041,0.9270431399345398,9.707107424970264,1.980187710617777,1.980187710617777
8,61,-0.022584842517971992,0.2597746253013611,-0.03879068046808243,0.9968001842498779,2,0.0,11.687295135588041,11.687295135588041,0.9213606119155884,8.868751803066388,2.818543332521653,2.818543332521653
8,62,-0.022866657003760338,0.27019333839416504,-0.024185216054320335,1.0576963424682617,0,-1.0,8.188104556545348,8.188104556545348,0.9152616858482361,8.027667869849292,0.16043668669605538,0.16043668669605538
8,63,-0.02341705560684204,0.28061550855636597,-0.08256091177463531,1.0115859508514404,0,-1.0,8.188104556545348,8.188104556545348,0.9091800451278687,7.184248670708137,1.0038558858372104,1.0038558858372104
8,64,-0.024522610008716583,0.29063162207603455,-0.13607248663902283,0.974446713924408,0,-1.0,8.188104556545348,8.188104556545348,0.903087854385376,6.338453157151786,1.8496513993935615,1.8496513993935615
8,65,-0.026137104257941246,0.3003271222114563,-0.18513287603855133,0.9455636739730835,0,-1.0,8.188104556545348,8.188104556545348,0.8969538807868958,5.490267982592334,2.6978365739530137,2.6978365739530137
8,66,-0.02821822464466095,0.3097808063030243,-0.23011644184589386,0.9242982864379883,0,-1.0,8.188104556545348,8.188104556545348,0.8907444477081299,4.639711213944887,3.548393342600461,3.548393342600461
8,67,-0.030727200210094452,0.3190653324127197,-0.2713630199432373,0.9100793600082397,2,0.0,3.2533471798420956,3.2533471798420956,0.8842294812202454,3.786835117410866,-0.5334879375687702,-0.5334879375687702
8,68,-0.03322359547019005,0.3288412392139435,-0.23800094425678253,1.006637454032898,2,0.0,3.2533471798420956,3.2533471798420956,0.8768643736839294,2.9319248850410307,0.321422294801065,0.321422294801065
8,69,-0.03539927676320076,0.339573472738266,-0.2069486379623413,1.101082682609558,2,0.0,3.2533471798420956,3.2533471798420956,0.8686008453369141,2.0758186983405063,1.1775284815015894,1.1775284815015894
8,70,-0.03727640211582184,0.35124313831329346,-0.1780392974615097,1.1937929391860962,2,0.0,3.2533471798420956,3.2533471798420956,0.8593850135803223,1.2194119727309012,2.0339352071111945,2.0339352071111945
8,71,-0.03887557610869408,0.3638351559638977,-0.15112321078777313,1.285117745399475,0,-1.0,0.7540971022227669,0.7540971022227669,0.8493862748146057,0.36366359510159496,0.390433507121172,0.390433507121172
8,72,-0.040614739060401917,0.37676283717155457,-0.1961672008037567,1.2743887901306152,4,1.0,-0.12453835636576088,-0.12453835636576088,0.8386119604110718,-0.49062896940708156,0.3660906130413207,0.3660906130413207
8,73,-0.04198824614286423,0.39076897501945496,-0.09786780178546906,1.4712671041488647,4,1.0,-0.12453835636576088,-0.12453835636576088,0.8258780837059021,-1.3426676058769225,1.2181292495111615,1.2181292495111615
8,74,-0.0424225814640522,0.40669140219688416,-0.007165617309510708,1.6584959030151367,4,1.0,-0.12453835636576088,-0.12453835636576088,-2.1904501914978027,-2.1904501914978027,2.065911835132042,2.065911835132042
9,0,0.0856376588344574,0.12156090140342712,0.09825822710990906,0.128778338432312,3,0.5,24.203738107025345,24.203738107025345,0.9809256196022034,27.473548448226445,-3.269810341201101,-3.269810341201101
9,1,0.08683866262435913,0.12332113087177277,0.13448171317577362,0.20266668498516083,3,0.5,24.203738107025345,24.203738107025345,0.9795671105384827,26.760225079418426,-2.556486972393081,-2.556486972393081
9,2,0.08838710188865662,0.12579956650733948,0.16808147728443146,0.2728053033351898,3,0.5,24.203738107025345,24.203738107025345,0.9780486226081848,26.041068655434287,-1.8373305484089428,-1.8373305484089428
9,3,0.09025811403989792,0.12896154820919037,0.19928283989429474,0.33964353799819946,3,0.5,24.203738107025345,24.203738107025345,0.9763607978820801,25.316181851339497,-1.1124437443141524,-1.1124437443141524
9,4,0.09242893010377884,0.13277673721313477,0.22829294204711914,0.4035983979701996,3,0.5,24.203738107025345,24.203738107025345,0.9744922518730164,24.58567783177517,-0.38193972474982374,-0.38193972474982374
9,5,0.09487878531217575,0.13721875846385956,0.2553020715713501,0.46505701541900635,3,0.5,24.203738107025345,24.203738107025345,0.9724292159080505,23.849682403941568,0.35405570308377676,0.35405570308377676
9,6,0.09758871048688889,0.1422649323940277,0.2804848551750183,0.5243786573410034,3,0.5,24.203738107025345,24.203738107025345,0.9701555371284485,23.10833655356921,1.095401553456135,1.095401553456135
9,7,0.10054139792919159,0.14789603650569916,0.3040012717247009,0.5818970799446106,3,0.5,24.203738107025345,24.203738107025345,0.9676532745361328,22.36179900650582,1.8419391005195251,1.8419391005195251
9,8,0.10372105985879898,0.15409600734710693,0.32599782943725586,0.6379224061965942,3,0.5,24.203738107025345,24.203738107025345,0.9649022221565247,21.610248214110793,2.593489892914551,2.593489892914551
9,9,0.1071132943034172,0.16085176169872284,0.3466086685657501,0.6927432417869568,1,-0.5,19.09902192771945,19.09902192771945,0.96341872215271,20.853884840357846,-1.7548629126383979,-1.7548629126383979
9,10,0.11028385162353516,0.1675114780664444,0.2919299304485321,0.633876621723175,1,-0.5,19.09902192771945,19.09902192771945,0.9619702696800232,20.091379917378926,-0.9923579896594781,-0.9923579896594781
9,11,0.11293371021747589,0.17363014817237854,0.24171246588230133,0.5828694105148315,1,-0.5,19.09902192771945,19.09902192771945,0.9605569839477539,19.32263600777667,-0.22361408005722083,-0.22361408005722083
9,12,0.1151052862405777,0.1792822778224945,0.19558152556419373,0.5390537977218628,1,-0.5,19.09902192771945,19.09902192771945,0.9591751098632812,18.547554569524156,0.5514673581952927,0.5514673581952927
9,13,0.11683743447065353,0.1845361739397049,0.15319661796092987,0.5018278956413269,1,-0.5,19.09902192771945,19.09902192771945,0.9578186273574829,17.766039858243307,1.3329820694761416,1.3329820694761416
9,14,0.11816582828760147,0.18945439159870148,0.11424806714057922,0.4706498682498932,1,-0.5,19.09902192771945,19.09902192771945,0.9564796090126038,16.978001243319014,2.1210206844004347,2.1210206844004347
9,15,0.11912316083908081,0.19409450888633728,0.07845433056354523,0.4450318217277527,1,-0.5,19.09902192771945,19.09902192771945,0.9551481604576111,16.18335518616809,2.915666741551359,2.915666741551359
9,16,0.11973950266838074,0.19850954413414001,0.045559223741292953,0.4245349168777466,1,-0.5,19.09902192771945,19.09902192771945,0.953813910484314,15.382027298697453,3.716994629021995,3.716994629021995
9,17,0.12004246562719345,0.20274829864501953,0.015329611487686634,0.4087647795677185,1,-0.5,19.09902192771945,19.09902192771945,0.9522165060043335,14.57395291738701,4.525069010332439,4.525069010332439
9,18,0.12005748599767685,0.20685596764087677,-0.012446798384189606,0.3973672389984131,2,0.0,17.72277826535227,17.72277826535227,0.9502782821655273,13.75932970846735,3.963448556884922,3.963448556884922
9,19,0.12001670151948929,0.21118959784507751,-0.0012703536776825786,0.44544026255607605,3,0.5,11.594897328832982,11.594897328832982,0.9471110105514526,12.938435784143255,-1.3435384553102736,-1.3435384553102736
9,20,0.12029275298118591,0.21631814539432526,0.04590587317943573,0.5484663248062134,4,1.0,10.502443636976295,10.502443636976295,0.9426600933074951,12.112449266254346,-1.6100056292780511,-1.6100056292780511
9,21,0.12123006582260132,0.22276782989501953,0.12634342908859253,0.702315628528595,4,1.0,10.502443636976295,10.502443636976295,0.9374989867210388,11.28261532620894,-0.7801716892326453,-0.7801716892326453
9,22,0.12293869256973267,0.23071244359016418,0.20092441141605377,0.8481552004814148,4,1.0,10.502443636976295,10.502443636976295,0.9315845370292664,10.449612464129194,0.05283117284710137,0.05283117284710137
9,23,0.12536266446113586,0.24007734656333923,0.2700952887535095,0.9868587255477905,4,1.0,10.502443636976295,10.502443636976295,0.9248625636100769,9.614169623333261,0.8882740136430343,0.8882740136430343
9,24,0.1284501850605011,0.2507961392402649,0.3342660069465637,1.119236707687378,4,1.0,10.502443636976295,10.502443636976295,0.9172695875167847,8.777077838104226,1.725365798872069,1.725365798872069
9,25,0.1321534812450409,0.26281023025512695,0.3938111960887909,1.2460390329360962,1,-0.5,5.713351839781885,5.713351839781885,0.9111663103103638,7.939200253118628,-2.2258484133367427,-2.2258484133367427
9,26,0.13581106066703796,0.2751486897468567,0.34059521555900574,1.2064121961593628,1,-0.5,5.713351839781885,5.713351839781885,0.904887318611145,7.099024184654812,-1.3856723448729271,-1.3856723448729271
9,27,0.13896355032920837,0.2871460020542145,0.2919504940509796,1.1756306886672974,1,-0.5,5.713351839781885,5.713351839781885,0.8984137177467346,6.256703905094613,-0.5433520653127282,-0.5433520653127282
9,28,0.1416543424129486,0.29888641834259033,0.24748505651950836,1.1530182361602783,1,-0.5,5.713351839781885,5.713351839781885,0.8917210698127747,5.412414330654423,0.3009375091274622,0.3009375091274622
9,29,0.1439231038093567,0.3104480504989624,0.2068423628807068,1.1379687786102295,1,-0.5,5.713351839781885,5.713351839781885,0.884779691696167,4.566356829132978,1.146995010648907,1.146995010648907
9,30,0.14580614864826202,0.321903258562088,0.16969795525074005,1.129940390586853,4,1.0,3.6282242235951987,3.6282242235951987,0.8750821352005005,3.718764785289708,-0.09054056169450941,-0.09054056169450941
9,31,0.14794336259365082,0.3342069685459137,0.24239136278629303,1.284430742263794,1,-0.5,2.7257406558239916,2.7257406558239916,0.8665595054626465,2.8724067172618257,-0.14666606143783412,-0.14666606143783412
9,32,0.15017253160476685,0.34714096784591675,0.2034740149974823,1.2777035236358643,1,-0.5,2.7257406558239916,2.7257406558239916,0.8576712012290955,2.0261082947466456,0.699632361077346,0.699632361077346
9,33,0.15203239023685455,0.3600516617298126,0.1679110825061798,1.27794349193573,1,-0.5,2.7257406558239916,2.7257406558239916,0.8483732342720032,1.1802394884015655,1.5455011674224262,1.5455011674224262
9,34,0.153554767370224,0.37300586700439453,0.13541293144226074,1.2846843004226685,0,-1.0,-0.11914387831693286,-0.11914387831693286,0.839450478553772,0.33521843851470934,-0.4543623168316422,-0.4543623168316422
9,35,0.15456998348236084,0.3857806622982025,0.07077329605817795,1.2473496198654175,2,0.0,0.22174765694284568,0.22174765694284568,0.828718900680542,-0.5093252929687502,0.7310729499115959,0.7310729499115959
9,36,0.155365452170372,0.39880773425102234,0.08098825067281723,1.3191832304000854,0,-1.0,-0.11914387831693286,-0.11914387831693286,0.8187141418457031,-1.3515597915649415,1.2324159132480086,1.2324159132480086
9,37,0.15586601197719574,0.4120018482208252,0.021363073959946632,1.2935733795166016,0,-1.0,-0.11914387831693286,-0.11914387831693286,-2.1921958923339844,-2.1921958923339844,2.0730520140170516,2.0730520140170516
10,0,-0.11578365415334702,0.12404665350914001,-0.2056383341550827,-0.11841701716184616,2,0.0,29.071797335457877,29.071797335457877,0.9798766374588013,32.784946338677265,-3.713149003219389,-3.713149003219389
10,1,-0.1177038624882698,0.12321147322654724,-0.18392057716846466,-0.06644465774297714,2,0.0,29.071797335457877,29.071797335457877,0.9803242087364197,32.126333031533804,-3.054535696075927,-3.054535696075927
10,2,-0.11941635608673096,0.12288063764572144,-0.1638532280921936,-0.01711055263876915,2,0.0,29.071797335457877,29.071797335457877,0.9803362488746643,31.46061497252261,-2.388817637064733,-2.388817637064733
10,3,-0.12093678116798401,0.12302964180707932,-0.1452917456626892,0.02987964265048504,2,0.0,25.308514358576126,25.308514358576126,0.9800685048103333,30.788160326917115,-5.479645968340989,-5.479645968340989
10,4,-0.12227938324213028,0.12363679707050323,-0.12810295820236206,0.07479983568191528,2,0.0,25.308514358576126,25.308514358576126,0.9796945452690125,30.10918365869372,-4.800669300117594,-4.800669300117594
10,5,-0.1234571635723114,0.12468304485082626,-0.11216405779123306,0.11790523678064346,2,0.0,25.308514358576126,25.308514358576126,0.9792158007621765,29.423726377196676,-4.11521201862055,-4.11521201862055
10,6,-0.12448194622993469,0.12615178525447845,-0.09736211597919464,0.15943340957164764,2,0.0,25.308514358576126,25.308514358576126,0.9786314368247986,28.731828865085355,-3.4233145065092287,-3.4233145065092287
10,7,-0.12536442279815674,0.12802867591381073,-0.08359315991401672,0.1996060460805893,2,0.0,25.308514358576126,25.308514358576126,0.9779397249221802,28.033532755818744,-2.725018397242618,-2.725018397242618
10,8,-0.12611442804336548,0.13030147552490234,-0.07076161354780197,0.23862986266613007,2,0.0,25.308514358576126,25.308514358576126,0.9771376848220825,27.32888184939047,-2.020367490814344,-2.020367490814344
10,9,-0.12674075365066528,0.13295996189117432,-0.058779601007699966,0.27669811248779297,2,0.0,25.308514358576126,25.308514358576126,0.9762209057807922,26.617923398553927,-1.3094090399778011,-1.3094090399778011
10,10,-0.12725137174129486,0.1359957903623581,-0.04756639897823334,0.3139916956424713,2,0.0,25.308514358576126,25.308514358576126,0.9751840233802795,25.900709588659733,-0.5921952300836075,-0.5921952300836075
10,11,-0.12765352427959442,0.1394023299217224,-0.03704783320426941,0.35068026185035706,2,0.0,25.308514358576126,25.308514358576126,0.9740204215049744,25.177298550787327,0.1312158077887986,0.1312158077887986
10,12,-0.12795378267765045,0.14317455887794495,-0.027155831456184387,0.38692304491996765,2,0.0,25.308514358576126,25.308514358576126,0.9727225303649902,24.44775568614379,0.8607586724323362,0.8607586724323362
10,13,-0.12815798819065094,0.1473090499639511,-0.017827894538640976,0.42286989092826843,2,0.0,25.308514358576126,25.308514358576126,0.9712815880775452,23.712154702806867,1.596359655769259,1.596359655769259
10,14,-0.1282714307308197,0.15180374681949615,-0.00900671724230051,0.4586622714996338,2,0.0,25.308514358576126,25.308514358576126,0.9696875810623169,22.97057890376699,2.3379354548091342,2.3379354548091342
10,15,-0.12829887866973877,0.15665800869464874,-0.0006397573743015528,0.49443382024765015,2,0.0,25.308514358576126,25.308514358576126,0.9677831530570984,22.22312254818654,3.0853918103895843,3.0853918103895843
10,16,-0.128244549036026,0.1618725210428238,0.0073210978880524635,0.530311107635498,0,-1.0,18.278678180011568,18.278678180011568,0.9660115838050842,21.470039793060042,-3.1913616130484748,-3.1913616130484748
10,17,-0.12853334844112396,0.16680772602558136,-0.05910452455282211,0.45367687940597534,3,0.5,17.956585103131964,17.956585103131964,0.9642338752746582,20.711139605308038,-2.754554502176074,-2.754554502176074
10,18,-0.1288248896598816,0.17198923230171204,-0.009342635981738567,0.5546513199806213,3,0.5,17.956585103131964,17.956585103131964,0.9613271355628967,19.946369424276142,-1.9897843211441781,-1.9897843211441781
10,19,-0.12863853573799133,0.17815591394901276,0.036887455731630325,0.6509824991226196,0,-1.0,18.278678180011568,18.278678180011568,0.9595369100570679,19.17681039263964,-0.8981322126280737,-0.8981322126280737
10,20,-0.1286376565694809,0.18430863320827484,-0.030817437916994095,0.5751534700393677,3,0.5,17.956585103131964,17.956585103131964,0.9567625522613525,18.401286346043005,-0.44470124291104085,-0.44470124291104085
10,21,-0.1286533623933792,0.19071245193481445,0.01745673641562462,0.6762677431106567,0,-1.0,18.278678180011568,18.278678180011568,0.9543008804321289,17.62073110482995,0.6579470751816174,0.6579470751816174
10,22,-0.12883339822292328,0.19715364277362823,-0.04808403551578522,0.6058359146118164,3,0.5,17.956585103131964,17.956585103131964,0.9515230059623718,16.834778004442242,1.1218070986897217,1.1218070986897217
10,23,-0.1290109008550644,0.2038939893245697,0.001910060178488493,0.7112851142883301,0,-1.0,18.278678180011568,18.278678180011568,0.9484047889709473,16.043691917656435,2.2349862623551324,2.2349862623551324
10,24,-0.12933453917503357,0.21071942150592804,-0.06173360347747803,0.6459499001502991,2,0.0,11.687295135588041,11.687295135588041,0.9453195333480835,15.247764776449987,-3.560469640861946,-3.560469640861946
10,25,-0.12984773516654968,0.2175741344690323,-0.04694804549217224,0.7000823020935059,2,0.0,11.687295135588041,11.687295135588041,0.9418969750404358,14.44691438697162,-2.7596192513835796,-2.7596192513835796
10,26,-0.13021740317344666,0.22497104108333588,-0.03300889581441879,0.7539318799972534,2,0.0,11.687295135588041,11.687295135588041,0.9381132125854492,13.641431729223418,-1.9541365936353774,-1.9541365936353774
10,27,-0.13045157492160797,0.23290856182575226,-0.019839677959680557,0.8076924085617065,2,0.0,11.687295135588041,11.687295135588041,0.9339417219161987,12.831634865290878,-1.1443397297028373,-1.1443397297028373
10,28,-0.13055752217769623,0.2413870245218277,-0.007371296174824238,0.8615459203720093,2,0.0,11.687295135588041,11.687295135588041,0.929264485836029,12.017871861994626,-0.3305767264065853,-0.3305767264065853
10,29,-0.13054190576076508,0.25040847063064575,0.004458376206457615,0.9156630635261536,0,-1.0,12.069157922519226,12.069157922519226,0.9244322180747986,11.20061351127131,0.8685444112479157,0.8685444112479157
10,30,-0.13082371652126312,0.25935930013656616,-0.05688391625881195,0.8617225289344788,2,0.0,11.687295135588041,11.687295135588041,0.9194616079330444,10.379981104238901,1.30731403134914,1.30731403134914
10,31,-0.13127747178077698,0.2684400975704193,-0.04076845198869705,0.9247828722000122,0,-1.0,8.188104556545348,8.188104556545348,0.9141063094139099,9.556080299298845,-1.3679757427534973,-1.3679757427534973
10,32,-0.13198581337928772,0.2775425612926483,-0.09782356768846512,0.8803004026412964,0,-1.0,8.188104556545348,8.188104556545348,0.9087859392166138,8.729266656449429,-0.5411620999040814,-0.5411620999040814
10,33,-0.13323721289634705,0.28625208139419556,-0.15018831193447113,0.8443078994750977,0,-1.0,8.188104556545348,8.188104556545348,0.9034742712974548,7.899475471952339,0.2886290845930084,0.2886290845930084
10,34,-0.13498707115650177,0.29464948177337646,-0.1982564628124237,0.8161265850067139,0,-1.0,8.188104556545348,8.188104556545348,0.8981425166130066,7.066667879449378,1.1214366770959696,1.1214366770959696
10,35,-0.13719448447227478,0.3028091490268707,-0.24238499999046326,0.7951498627662659,0,-1.0,8.188104556545348,8.188104556545348,0.8927600979804993,6.230833699834719,1.957270856710629,1.957270856710629
10,36,-0.13982196152210236,0.3107999861240387,-0.2828979790210724,0.7808356285095215,0,-1.0,8.188104556545348,8.188104556545348,0.8872946500778198,5.391993537226484,2.7961110193188636,2.7961110193188636
10,37,-0.1428350955247879,0.31868571043014526,-0.32008984684944153,0.7726995348930359,2,0.0,3.2533471798420956,3.2533471798420956,0.8815385103225708,4.550200896109762,-1.296853716267666,-1.296853716267666
10,38,-0.1457972526550293,0.3271189332008362,-0.28302454948425293,0.8746087551116943,2,0.0,3.2533471798420956,3.2533471798420956,0.8749693632125854,3.705719581603223,-0.4523724017611275,-0.4523724017611275
10,39,-0.14840330183506012,0.33655810356140137,-0.24855251610279083,0.9738044142723083,2,0.0,3.2533471798420956,3.2533471798420956,0.8675466775894165,2.859343654940038,0.3940035249020575,0.3940035249020575
10,40,-0.1506780982017517,0.34697872400283813,-0.21648290753364563,1.0707062482833862,2,0.0,3.2533471798420956,3.2533471798420956,0.859222948551178,2.011916138738002,1.2414310411040939,1.2414310411040939
10,41,-0.15264470875263214,0.35836032032966614,-0.18664279580116272,1.165703535079956,2,0.0,3.2533471798420956,3.2533471798420956,0.8499441146850586,1.1643365557442664,2.0890106240978294,2.0890106240978294
10,42,-0.15432454645633698,0.37068605422973633,-0.1588764637708664,1.2591567039489746,4,1.0,-0.12453835636576088,-0.12453835636576088,0.8394319415092468,0.31756812228202813,-0.442106478647789,-0.442106478647789
10,43,-0.155339777469635,0.3845144510269165,-0.06311430782079697,1.451872706413269,4,1.0,-0.12453835636576088,-0.12453835636576088,0.8265632390975952,-0.5271351709365846,0.4025968145708237,0.4025968145708237
10,44,-0.15543988347053528,0.40021929144859314,0.025271238759160042,1.6352494955062866,0,-1.0,-0.9186968576104202,-0.9186968576104202,0.8132280707359314,-1.3673721313476563,0.44867527373723615,0.44867527373723615
10,45,-0.15548303723335266,0.4165952205657959,-0.03157520294189453,1.6139246225357056,4,1.0,-0.12453835636576088,-0.12453835636576088,-2.2026264667510986,-2.2026264667510986,2.078088110385338,2.078088110385338
11,0,0.1733126938343048,-0.05610409379005432,0.1644722819328308,-0.08111526072025299,1,-0.5,32.151694523428034,32.151694523428034,0.9886270761489868,27.240249325372005,4.911445198056029,4.911445198056029
11,1,0.17465142905712128,-0.05745052173733711,0.11170398443937302,-0.1709434986114502,1,-0.5,32.151694523428034,32.151694523428034,0.9883781671524048,26.516790150730323,5.6349043726977115,5.6349043726977115
11,2,0.17548449337482452,-0.05966288596391678,0.06282409280538559,-0.2549980580806732,1,-0.5,32.151694523428034,32.151694523428034,0.9880411028862,25.786274730886785,6.36541979254125,6.36541979254125
11,3,0.1758487969636917,-0.06268744170665741,0.017501456663012505,-0.33391591906547546,1,-0.5,32.151694523428034,32.151694523428034,0.9871141910552979,25.04872083636423,7.102973687063805,7.102973687063805
11,4,0.1757780909538269,-0.06647651642560959,-0.024567723274230957,-0.40828442573547363,2,0.0,29.812482103568982,29.812482103568982,0.9864791035652161,24.30465317707973,5.507828926489253,5.507828926489253
11,5,0.17551639676094055,-0.0706598311662674,-0.02620505914092064,-0.42096322774887085,2,0.0,29.812482103568982,29.812482103568982,0.9857856035232544,23.553711185368194,6.2587709182007885,6.2587709182007885
11,6,0.17523738741874695,-0.0749761089682579,-0.02793281152844429,-0.43441542983055115,2,0.0,29.812482103568982,29.812482103568982,0.9850288033485413,22.795884426106,7.016597677462983,7.016597677462983
11,7,0.17494015395641327,-0.07943324744701385,-0.029750129207968712,-0.44865962862968445,2,0.0,29.812482103568982,29.812482103568982,0.984203577041626,22.031167295714603,7.781314807854379,7.781314807854379
11,8,0.17462380230426788,-0.08403932303190231,-0.03165649622678757,-0.4637160897254944,2,0.0,29.812482103568982,29.812482103568982,0.9833043813705444,21.259559311790888,8.552922791778094,8.552922791778094
11,9,0.17428746819496155,-0.08880264312028885,-0.03365170210599899,-0.47960686683654785,2,0.0,29.812482103568982,29.812482103568982,0.9823249578475952,20.481065586283176,9.331416517285806,9.331416517285806
11,10,0.17393019795417786,-0.09373176097869873,-0.03573576733469963,-0.49635523557662964,2,0.0,29.812482103568982,29.812482103568982,0.9812585711479187,19.695697604480383,10.116784499088599,10.116784499088599
11,11,0.17355109751224518,-0.09883543848991394,-0.03790897876024246,-0.513986349105835,2,0.0,29.812482103568982,29.812482103568982,0.9800978899002075,18.903473771042894,10.909008332526088,10.909008332526088
11,12,0.1731492578983307,-0.10412274301052094,-0.040171775966882706,-0.5325267910957336,2,0.0,29.812482103568982,29.812482103568982,0.9788352251052856,18.10442008196231,11.708062021606672,11.708062021606672
11,13,0.17272377014160156,-0.10960296541452408,-0.04252477362751961,-0.5520046353340149,1,-0.5,23.81725749004579,23.81725749004579,0.9767420291900635,17.298570562481842,6.518686927563948,6.518686927563948
11,14,0.17206153273582458,-0.1156112402677536,-0.08226528018712997,-0.6296613812446594,1,-0.5,23.81725749004579,23.81725749004579,0.9744609594345093,16.486695488173513,7.330562001872277,7.330562001872277
11,15,0.1710169017314911,-0.12237967550754547,-0.1192806139588356,-0.7040199041366577,1,-0.5,23.81725749004579,23.81725749004579,0.9719619750976562,15.668923766403035,8.148333723642756,8.148333723642756
11,16,0.1696157157421112,-0.1298782229423523,-0.1538020372390747,-0.775546133518219,1,-0.5,23.81725749004579,23.81725749004579,0.9692129492759705,14.845415950813514,8.971841539232276,8.971841539232276
11,17,0.16788172721862793,-0.13808128237724304,-0.18604077398777008,-0.8446704745292664,1,-0.5,23.81725749004579,23.81725749004579,0.9661793112754822,14.01636666821974,9.80089082182605,9.80089082182605
11,18,0.1658366173505783,-0.14696736633777618,-0.21618953347206116,-0.9117915034294128,1,-0.5,23.81725749004579,23.81725749004579,0.9628247618675232,13.182007431256826,10.635250058788964,10.635250058788964
11,19,0.16350018978118896,-0.15651877224445343,-0.24442388117313385,-0.9772771596908569,1,-0.5,23.81725749004579,23.81725749004579,0.9591103792190552,12.342608756958892,11.474648733086898,11.474648733086898
11,20,0.16089069843292236,-0.16672128438949585,-0.2709033787250519,-1.0414680242538452,1,-0.5,15.13509491969058,15.13509491969058,0.9549955725669861,11.49848320983822,3.6366117098523603,3.6366117098523603
11,21,0.1580248326063156,-0.17756393551826477,-0.295772910118103,-1.1046797037124634,1,-0.5,15.13509491969058,15.13509491969058,0.9504367709159851,10.649987512395185,4.485107407295395,4.485107407295395
11,22,0.15491792559623718,-0.18903881311416626,-0.31916356086730957,-1.1672039031982422,1,-0.5,15.13509491969058,15.13509491969058,0.9453883767127991,9.797526001494141,5.337568918196439,5.337568918196439
11,23,0.15158408880233765,-0.20114073157310486,-0.3411933481693268,-1.2293108701705933,1,-0.5,15.13509491969058,15.13509491969058,0.9398019313812256,8.94155315634479,6.19354176334579,6.19354176334579
11,24,0.14803631603717804,-0.21386711299419403,-0.36196833848953247,-1.291250467300415,0,-1.0,6.930988576334849,6.930988576334849,0.9328537583351135,8.082576994912692,-1.1515884185778429,-1.1515884185778429
11,25,0.1440783590078354,-0.22753168642520905,-0.41818052530288696,-1.4084137678146362,0,-1.0,6.930988576334849,6.930988576334849,0.9250596165657043,7.221942663209677,-0.2909540868748275,-0.2909540868748275
11,26,0.13958032429218292,-0.24234838783740997,-0.4704192280769348,-1.5213828086853027,0,-1.0,6.930988576334849,6.930988576334849,0.9163262248039246,6.360487925903002,0.5705006504318471,0.5705006504318471
11,27,0.13458038866519928,-0.25827890634536743,-0.5189693570137024,-1.6307486295700073,0,-1.0,6.930988576334849,6.930988576334849,0.9065549373626709,5.499153233433412,1.4318353429014374,1.4318353429014374
11,28,0.12911398708820343,-0.27529045939445496,-0.5640864968299866,-1.7370511293411255,2,0.0,4.61943909241174,4.61943909241174,0.8972330689430237,4.6389881778492335,-0.01954908543749312,-0.01954908543749312
11,29,0.12362399697303772,-0.29274705052375793,-0.5339794158935547,-1.733941674232483,2,0.0,4.61943909241174,4.61943909241174,0.8872030377388,3.7795506150567775,0.8398884773549629,0.8398884773549629
11,30,0.11841762065887451,-0.3102185130119324,-0.5067561864852905,-1.7378523349761963,2,0.0,4.61943909241174,4.61943909241174,0.8764270544052124,2.9215632094120982,1.697875882999642,1.697875882999642
11,31,0.11346764117479324,-0.32777225971221924,-0.48214951157569885,-1.748348355293274,4,1.0,2.285072011236246,2.285072011236246,0.8664747476577759,2.0657940959665515,0.21927791526969465,0.21927791526969465
11,32,0.10915277153253555,-0.34488293528556824,-0.3890185058116913,-1.6615900993347168,4,1.0,2.285072011236246,2.285072011236246,0.85630202293396,1.2114336851603795,1.0736383260758666,1.0736383260758666
11,33,0.10572272539138794,-0.36121612787246704,-0.3037835657596588,-1.5895195007324219,4,1.0,2.285072011236246,2.285072011236246,0.8459007143974304,0.35871885073375714,1.926353160502489,1.926353160502489
11,34,0.10310284793376923,-0.37691083550453186,-0.22572331130504608,-1.5308376550674438,4,1.0,-0.4720674063842487,-0.4720674063842487,0.8352492451667786,-0.49210289258956896,0.020035486205320252,0.020035486205320252
11,35,0.10122525691986084,-0.3920938968658447,-0.15418708324432373,-1.4843884706497192,4,1.0,-0.4720674063842487,-0.4720674063842487,0.8243148326873779,-1.3407597351074219,0.8686923287231731,0.8686923287231731
11,36,0.10002817958593369,-0.4068813621997833,-0.088587686419487,-1.4491424560546875,4,1.0,-0.4720674063842487,-0.4720674063842487,-2.186944007873535,-2.186944007873535,1.7148766014892864,1.7148766014892864
12,0,0.18961301445960999,0.17451882362365723,-0.008280068635940552,-0.09581514447927475,1,-0.5,39.163074726975076,39.163074726975076,0.9617934226989746,36.61535190807359,2.5477228189014838,2.5477228189014838
12,1,0.1893913298845291,0.1735466867685318,-0.035765133798122406,-0.11132390797138214,1,-0.5,39.163074726975076,39.163074726975076,0.9618962407112122,36.01369543977234,3.149379287202734,3.149379287202734
12,2,0.1889059692621231,0.17243528366088867,-0.061274319887161255,-0.1239846870303154,1,-0.5,39.163074726975076,39.163074726975076,0.9620847105979919,35.40585777682942,3.7572169501456543,3.7572169501456543
12,3,0.188175767660141,0.17121157050132751,-0.08495993167161942,-0.1340489238500595,1,-0.5,39.163074726975076,39.163074726975076,0.962345540523529,34.791689965890335,4.371384761084741,4.371384761084741
12,4,0.18721817433834076,0.16990022361278534,-0.10696150362491608,-0.1417444348335266,1,-0.5,39.163074726975076,39.163074726975076,0.9626665115356445,34.17105497511798,4.992019751857093,4.992019751857093
12,5,0.18604929745197296,0.1685236692428589,-0.12740692496299744,-0.14727771282196045,1,-0.5,39.163074726975076,39.163074726975076,0.9630367755889893,33.543826730891254,5.619247996083821,5.619247996083821
12,6,0.18468400835990906,0.16710248589515686,-0.14641350507736206,-0.15083569288253784,1,-0.5,39.163074726975076,39.163074726975076,0.9634467363357544,32.909888843739665,6.25318588323541,6.25318588323541
12,7,0.18313609063625336,0.16565537452697754,-0.1640889048576355,-0.15258745849132538,1,-0.5,39.163074726975076,39.163074726975076,0.9638872742652893,32.269133441822135,6.893941285152941,6.893941285152941
12,8,0.1814182996749878,0.1641995757818222,-0.1805318295955658,-0.1526860147714615,1,-0.5,39.163074726975076,39.163074726975076,0.9643504023551941,31.621460775309945,7.541613951665131,7.541613951665131
12,9,0.1795424520969391,0.16275084018707275,-0.1958330124616623,-0.15126949548721313,1,-0.5,39.163074726975076,39.163074726975076,0.9648289680480957,30.96677815449975,8.196296572475326,8.196296572475326
12,10,0.17751947045326233,0.16132354736328125,-0.2100757509469986,-0.14846237003803253,1,-0.5,39.163074726975076,39.163074726975076,0.965316653251648,30.304999178233995,8.85807554874108,8.85807554874108
12,11,0.17535951733589172,0.1599310338497162,-0.22333648800849915,-0.14437684416770935,1,-0.5,39.163074726975076,39.163074726975076,0.9658073782920837,29.636042954527625,9.527031772447451,9.527031772447451
12,12,0.17307201027870178,0.15858550369739532,-0.23568545281887054,-0.1391136199235916,1,-0.5,39.163074726975076,39.163074726975076,0.9662961959838867,28.959833915389435,10.20324081158564,10.20324081158564
12,13,0.1706657111644745,0.1572982370853424,-0.24718719720840454,-0.13276302814483643,1,-0.5,56.471873935530354,56.471873935530354,0.9667782783508301,28.27630072667227,28.195573208858082,28.195573208858082
12,14,0.16814874112606049,0.15607963502407074,-0.25790101289749146,-0.12540578842163086,1,-0.5,56.471873935530354,56.471873935530354,0.9672494530677795,27.5853762104257,28.886497725104654,28.886497725104654
12,15,0.16552868485450745,0.1549394577741623,-0.2678813338279724,-0.11711375415325165,1,-0.5,56.471873935530354,56.471873935530354,0.9677057862281799,26.88699672460396,29.584877210926393,29.584877210926393
12,16,0.16281262040138245,0.15388666093349457,-0.27717816829681396,-0.10795072466135025,1,-0.5,56.471873935530354,56.471873935530354,0.9681437611579895,26.181101957955335,30.29077197757502,30.29077197757502
12,17,0.16000710427761078,0.15292969346046448,-0.28583747148513794,-0.09797288477420807,1,-0.5,56.471873935530354,56.471873935530354,0.9685603976249695,25.46763454221954,31.004239393310815,31.004239393310815
12,18,0.1571183204650879,0.15207645297050476,-0.29390138387680054,-0.08722954243421555,1,-0.5,56.471873935530354,56.471873935530354,0.9689523577690125,24.746539539994515,31.72533439553584,31.72533439553584
12,19,0.15415196120738983,0.15133440494537354,-0.30140864849090576,-0.07576367259025574,1,-0.5,56.471873935530354,56.471873935530354,0.9693172574043274,24.017764830530812,32.454109104999546,32.454109104999546
12,20,0.15111343562602997,0.1507105976343155,-0.30839478969573975,-0.06361228227615356,1,-0.5,56.471873935530354,56.471873935530354,0.9696522355079651,23.281260174875236,33.19061376065512,33.19061376065512
12,21,0.14800773561000824,0.15021175146102905,-0.3148924708366394,-0.0508069209754467,1,-0.5,56.471873935530354,56.471873935530354,0.969954788684845,22.536977716532597,33.93489621899776,33.93489621899776
12,22,0.14483964443206787,0.14984431862831116,-0.3209315836429596,-0.03737405315041542,1,-0.5,56.471873935530354,56.471873935530354,0.970222532749176,21.784871644290657,34.68700229123969,34.68700229123969
12,23,0.14161357283592224,0.14961449801921844,-0.3265394866466522,-0.02333540841937065,1,-0.5,56.471873935530354,56.471873935530354,0.9704530239105225,21.02489809246614,35.44697584306421,35.44697584306421
12,24,0.13833370804786682,0.14952829480171204,-0.3317413330078125,-0.008708342909812927,1,-0.5,56.471873935530354,56.471873935530354,0.9705790281295776,20.25701522076325,36.214858714767104,36.214858714767104
12,25,0.1350039839744568,0.1495916098356247,-0.33656013011932373,0.006493804510682821,4,1.0,23.676968230701753,23.676968230701753,0.9705100655555725,19.481248679427953,4.1957195512738,4.1957195512738
12,26,0.13226129114627838,0.1507764756679535,-0.22971059381961823,0.192137211561203,4,1.0,23.676968230701753,23.676968230701753,0.9698154330253601,18.697715771588264,4.979252459113489,4.979252459113489
12,27,0.13054215908050537,0.15375050902366638,-0.13076959550380707,0.3658945858478546,4,1.0,23.676968230701753,23.676968230701753,0.9685047268867493,17.90697003895243,5.769998191749323,5.769998191749323
12,28,0.1297711580991745,0.1584021896123886,-0.03911683335900307,0.5289444923400879,2,0.0,17.72277826535227,17.72277826535227,0.9666255712509155,17.109560921278465,0.6132173440738065,0.6132173440738065
12,29,0.12945742905139923,0.16398923099040985,-0.028240958228707314,0.5695291757583618,2,0.0,17.72277826535227,17.72277826535227,0.96453458070755,16.305995303058133,1.416782962294139,1.416782962294139
12,30,0.1292496621608734,0.16998407244682312,-0.017933690920472145,0.6100772023200989,2,0.0,17.72277826535227,17.72277826535227,0.9622169137001038,15.496424972071297,2.226353293280974,2.226353293280974
12,31,0.12914255261421204,0.17638731002807617,-0.008138271979987621,0.6507350206375122,2,0.0,17.72277826535227,17.72277826535227,0.959632158279419,14.681018240778984,3.0417600245732874,3.0417600245732874
12,32,0.1291312724351883,0.18320102989673615,0.0011970155173912644,0.6916411519050598,1,-0.5,19.09902192771945,19.09902192771945,0.9568772912025452,13.859985941918753,5.239035985800696,5.239035985800696
12,33,0.12900185585021973,0.19011034071445465,-0.02674154005944729,0.6770034432411194,2,0.0,17.72277826535227,17.72277826535227,0.954016387462616,13.033443081531523,4.689335183820749,4.689335183820749
12,34,0.12881693243980408,0.19722048938274384,-0.015442045405507088,0.7228979468345642,2,0.0,17.72277826535227,17.72277826535227,0.9508528113365173,12.201441105120109,5.521337160232163,5.521337160232163
12,35,0.12874233722686768,0.20479334890842438,-0.004702785983681679,0.7689871191978455,2,0.0,17.72277826535227,17.72277826535227,0.9472538232803345,11.364230599781406,6.358547665570866,6.358547665570866
12,36,0.1287727952003479,0.21283185482025146,0.005530012771487236,0.8154196739196777,4,1.0,10.502443636976295,10.502443636976295,0.9416354894638062,10.522198764142496,-0.019755127166201092,-0.019755127166201092
12,37,0.12932026386260986,0.22196891903877258,0.08855632692575455,0.9727944135665894,4,1.0,10.502443636976295,10.502443636976295,0.9351991415023804,9.677336641089585,0.8251069958867099,0.8251069958867099
12,38,0.1306638866662979,0.23263707756996155,0.16552641987800598,1.1221768856048584,4,1.0,10.502443636976295,10.502443636976295,0.9278761148452759,8.830441918774955,1.67200171820134,1.67200171820134
12,39,0.1327456831932068,0.24476191401481628,0.23689311742782593,1.2644578218460083,3,0.5,7.432978266758132,7.432978266758132,0.9203929901123047,7.982389700939069,-0.5494114341809366,-0.5494114341809366
12,40,0.13530530035495758,0.25796809792518616,0.26674187183380127,1.3461048603057861,3,0.5,7.432978266758132,7.432978266758132,0.9121248722076416,7.133330010936126,0.2996482558220066,0.2996482558220066
12,41,0.13815298676490784,0.2719888389110565,0.2946580946445465,1.426668643951416,1,-0.5,6.565692329757921,6.565692329757921,0.9046347737312317,6.284045594675237,0.2816467350826839,0.2816467350826839
12,42,0.14085984230041504,0.2862055003643036,0.24865807592868805,1.3993511199951172,1,-0.5,6.565692329757921,6.565692329757921,0.8968123197555542,5.433748303983844,1.131944025774077,1.131944025774077
12,43,0.14313095808029175,0.3002018332481384,0.20672865211963654,1.3803962469100952,1,-0.5,6.565692329757921,6.565692329757921,0.8886312246322632,4.582763620432616,1.9829287093253045,1.9829287093253045
12,44,0.14500489830970764,0.31405776739120483,0.1685154289007187,1.3692013025283813,1,-0.5,6.565692329757921,6.565692329757921,0.8800594210624695,3.731446864444801,2.8342454653131197,2.8342454653131197
12,45,0.14651691913604736,0.3278476893901825,0.13369470834732056,1.3652254343032837,1,-0.5,2.7257406558239916,2.7257406558239916,0.871059000492096,2.88018933674983,-0.1544486809258383,-0.1544486809258383
12,46,0.14769920706748962,0.34164077043533325,0.10197053849697113,1.3679838180541992,1,-0.5,2.7257406558239916,2.7257406558239916,0.8615872263908386,2.0294245820785193,0.6963160737454723,0.6963160737454723
12,47,0.1485811173915863,0.35550183057785034,0.07307180762290955,1.377041220664978,1,-0.5,2.7257406558239916,2.7257406558239916,0.8515971302986145,1.1796336926138187,1.546106963210173,1.546106963210173
12,48,0.14918938279151917,0.36949145793914795,0.04674962908029556,1.39200758934021,0,-1.0,-0.11914387831693286,-0.11914387831693286,0.8416251540184021,0.33135006294465075,-0.4504939412615836,-0.4504939412615836
12,49,0.14934943616390228,0.3833805024623871,-0.012201831676065922,1.3622580766677856,4,1.0,-0.3951350020452693,-0.3951350020452693,0.8285475969314575,-0.5154293849229812,0.12029438287771188,0.12029438287771188
12,50,0.14974065124988556,0.3981628715991974,0.07296544313430786,1.5409266948699951,0,-1.0,-0.11914387831693286,-0.11914387831693286,0.8167453408241272,-1.3575525069236756,1.2384086286067426,1.2384086286067426
12,51,0.1501578986644745,0.41356948018074036,0.013089743442833424,1.5149140357971191,0,-1.0,-0.11914387831693286,-0.11914387831693286,-2.196260452270508,-2.196260452270508,2.077116573953575,2.077116573953575
13,0,-0.16585350036621094,-0.06781178712844849,0.14769303798675537,-0.07160842418670654,0,-1.0,37.324522964102016,37.324522964102016,0.9880653619766235,33.56949674078302,3.7550262233189926,3.7550262233189926
13,1,-0.16489289700984955,-0.06940001249313354,0.05815652385354042,-0.21976377069950104,0,-1.0,37.324522964102016,37.324522964102016,0.9872878789901733,32.91053674626909,4.413986217832928,4.413986217832928
13,2,-0.1647900640964508,-0.07241366058588028,-0.02474236488342285,-0.3579562306404114,1,-0.5,38.12169275418427,38.12169275418427,0.9859062433242798,32.24570592654436,5.875986827639906,5.875986827639906
13,3,-0.16526883840560913,-0.07643181085586548,-0.06411712616682053,-0.42960885167121887,1,-0.5,38.12169275418427,38.12169275418427,0.98440021276474,31.575555235575838,6.546137518608429,6.546137518608429
13,4,-0.16612599790096283,-0.08114735782146454,-0.10072771459817886,-0.4976126253604889,1,-0.5,38.12169275418427,38.12169275418427,0.9827525615692139,30.900156588698078,7.221536165486189,7.221536165486189
13,5,-0.16733531653881073,-0.08652675896883011,-0.13481156527996063,-0.5624358057975769,1,-0.5,38.12169275418427,38.12169275418427,0.9809440970420837,30.219600027402894,7.9020927267813725,7.9020927267813725
13,6,-0.16887281835079193,-0.0925409346818924,-0.16658607125282288,-0.6245105862617493,1,-0.5,38.12169275418427,38.12169275418427,0.9789538383483887,29.533995889253344,8.587696864930923,8.587696864930923
13,7,-0.17071661353111267,-0.0991649255156517,-0.19625017046928406,-0.6842368841171265,1,-0.5,38.12169275418427,38.12169275418427,0.9767588376998901,28.843476819095915,9.278215935088351,9.278215935088351
13,8,-0.17284664511680603,-0.10637758672237396,-0.22398576140403748,-0.7419840097427368,3,0.5,34.53562113170182,34.53562113170182,0.9758316278457642,28.148199981208105,6.3874211504937115,6.3874211504937115
13,9,-0.17482014000415802,-0.1135098859667778,-0.17534472048282623,-0.6836023330688477,3,0.5,34.53562113170182,34.53562113170182,0.9748865365982056,27.446836720568022,7.088784411133794,7.088784411133794
13,10,-0.17633099853992462,-0.1201031357049942,-0.13074921071529388,-0.6325413584709167,3,0.5,34.53562113170182,34.53562113170182,0.9739318490028381,26.73934362017153,7.796277511530285,7.796277511530285
13,11,-0.17741766571998596,-0.12622684240341187,-0.08986052125692368,-0.5881913304328918,3,0.5,34.53562113170182,34.53562113170182,0.9729719161987305,26.025668455725953,8.509952675975864,8.509952675975864
13,12,-0.17811544239521027,-0.1319447159767151,-0.05236959457397461,-0.5499998331069946,3,0.5,34.53562113170182,34.53562113170182,0.9720078706741333,25.305754080330527,9.22986705137129,9.22986705137129
13,13,-0.1784566193819046,-0.13731533288955688,-0.01799461618065834,-0.51746666431427,3,0.5,34.53562113170182,34.53562113170182,0.9707680344581604,24.57954162591555,9.956079505786267,9.956079505786267
13,14,-0.17847086489200592,-0.1423925757408142,0.01352132298052311,-0.49014028906822205,3,0.5,31.874286221281782,31.874286221281782,0.9692122340202332,23.847246051977162,8.02704016930462,8.02704016930462
13,15,-0.17818540334701538,-0.1472260057926178,0.042412374168634415,-0.46761268377304077,3,0.5,31.874286221281782,31.874286221281782,0.9676914811134338,23.109125068643362,8.76516115263842,8.76516115263842
13,16,-0.17762523889541626,-0.15186141431331635,0.06889191269874573,-0.4495161175727844,3,0.5,31.874286221281782,31.874286221281782,0.9661957025527954,22.365084431848413,9.50920178943337,9.50920178943337
13,17,-0.17681333422660828,-0.15634113550186157,0.09315439313650131,-0.43551942706108093,3,0.5,31.874286221281782,31.874286221281782,0.9647145867347717,21.615039120500622,10.25924710078116,10.25924710078116
13,18,-0.1757708340883255,-0.1607043743133545,0.11537709087133408,-0.4253249168395996,2,0.0,23.776988285399575,23.776988285399575,0.9632048606872559,20.858913670470557,2.9180746149290187,2.9180746149290187
13,19,-0.17472784221172333,-0.16530844569206238,0.09869926422834396,-0.47506189346313477,2,0.0,23.776988285399575,23.776988285399575,0.9614670276641846,20.09667556543768,3.680312719961897,3.680312719961897
13,20,-0.1738460510969162,-0.17040644586086273,0.08306808024644852,-0.5238854885101318,2,0.0,23.776988285399575,23.776988285399575,0.9594895243644714,19.32849347249848,4.448494812901096,4.448494812901096
13,21,-0.1731155663728714,-0.17599070072174072,0.06838702410459518,-0.5720154643058777,2,0.0,23.776988285399575,23.776988285399575,0.9572585821151733,18.554549442559605,5.222438842839971,5.222438842839971
13,22,-0.17252741754055023,-0.18205560743808746,0.054567839950323105,-0.6196575164794922,2,0.0,23.776988285399575,23.776988285399575,0.9547588229179382,17.775041273176193,6.001947012223383,6.001947012223383
13,23,-0.17207348346710205,-0.18859755992889404,0.04152994975447655,-0.6670050024986267,2,0.0,23.776988285399575,23.776988285399575,0.951972246170044,16.990184293190158,6.786803992209418,6.786803992209418
13,24,-0.1717463880777359,-0.1956147998571396,0.029199941083788872,-0.7142391800880432,2,0.0,23.776988285399575,23.776988285399575,0.9488794207572937,16.200214188909207,7.576774096490368,7.576774096490368
13,25,-0.17153947055339813,-0.2031073123216629,0.01751106046140194,-0.7615305185317993,2,0.0,23.776988285399575,23.776988285399575,0.9454585909843445,15.405388654698905,8.37159963070067,8.37159963070067
13,26,-0.17144671082496643,-0.2110767513513565,0.006402862723916769,-0.8090397119522095,4,1.0,14.193921587132538,14.193921587132538,0.9418097734451294,14.60598996334804,-0.41206837621550285,-0.41206837621550285
13,27,-0.1710456758737564,-0.2188972383737564,0.06910671293735504,-0.7463605999946594,4,1.0,14.193921587132538,14.193921587132538,0.9383445382118225,13.802202212023143,0.39171937510939436,0.39171937510939436
13,28,-0.17004747688770294,-0.2261454313993454,0.126701220870018,-0.6926781535148621,4,1.0,14.193921587132538,14.193921587132538,0.9350437521934509,12.993795630112446,1.2001259570200915,1.2001259570200915
13,29,-0.16850067675113678,-0.23290663957595825,0.17961841821670532,-0.647226870059967,4,1.0,14.193921587132538,14.193921587132538,0.9318849444389343,12.18055745244343,2.013364134689107,2.013364134689107
13,30,-0.16644975543022156,-0.2392590492963791,0.22824996709823608,-0.6093198657035828,4,1.0,14.193921587132538,14.193921587132538,0.9288442730903625,11.362295462630804,2.8316261245017333,2.8316261245017333
13,31,-0.16393546760082245,-0.2452743649482727,0.2729511559009552,-0.5783413648605347,4,1.0,14.193921587132538,14.193921587132538,0.9258967041969299,10.538839585394387,3.655082001738151,3.655082001738151
13,32,-0.1609952300786972,-0.25101855397224426,0.3140442967414856,-0.5537388920783997,4,1.0,14.193921587132538,14.193921587132538,0.9230159521102905,9.710043314340865,4.483878272791673,4.483878272791673
13,33,-0.15766344964504242,-0.25655245780944824,0.3518223464488983,-0.5350175499916077,4,1.0,14.193921587132538,14.193921587132538,0.9201759099960327,8.875785214374318,5.31813637275822,5.31813637275822
13,34,-0.15397171676158905,-0.26193222403526306,0.3865513801574707,-0.5217341184616089,4,1.0,14.193921587132538,14.193921587132538,0.9173498153686523,8.0359689943215,6.1579525928110375,6.1579525928110375
13,35,-0.1499491035938263,-0.26720988750457764,0.41847366094589233,-0.5134916305541992,0,-1.0,8.336828462787174,8.336828462787174,0.9141644835472107,7.190524423184696,1.1463040396024784,1.1463040396024784
13,36,-0.1464448869228363,-0.273657888174057,0.30320653319358826,-0.7251214385032654,0,-1.0,8.336828462787174,8.336828462787174,0.9096500277519226,6.339757514785338,1.997070948001836,1.997070948001836
13,37,-0.14404498040676117,-0.28215569257736206,0.19644740223884583,-0.9247703552246094,0,-1.0,8.336828462787174,8.336828462787174,0.9037761688232422,5.484957057609511,2.851871405177664,2.851871405177664
13,38,-0.14266766607761383,-0.29259034991264343,0.09760579466819763,-1.1135632991790771,0,-1.0,8.336828462787174,8.336828462787174,0.8964900970458984,4.627455443218453,3.709373019568721,3.709373019568721
13,39,-0.1422368735074997,-0.30485984683036804,0.0061331503093242645,-1.2925564050674438,1,-0.5,3.3903312048392635,3.3903312048392635,0.8869726657867432,3.7686518648207628,-0.3783206599814992,-0.3783206599814992
13,40,-0.14247849583625793,-0.3185730576515198,-0.04275481402873993,-1.4101999998092651,4,1.0,2.518229560474589,2.518229560474589,0.8783132433891296,2.9107870697313327,-0.39255750925674393,-0.39255750925674393
13,41,-0.1425819844007492,-0.3325571119785309,0.018602192401885986,-1.368107557296753,0,-1.0,1.88078297482906,1.88078297482906,0.866877555847168,2.0530038649921245,-0.1722208901630644,-0.1722208901630644
13,42,-0.14290837943553925,-0.34735697507858276,-0.06688635051250458,-1.542410135269165,4,1.0,2.518229560474589,2.518229560474589,0.856777012348175,1.1981073829747033,1.3201221774998855,1.3201221774998855
13,43,-0.14325037598609924,-0.36269479990005493,-0.004905020818114281,-1.5044662952423096,4,1.0,2.518229560474589,2.518229560474589,0.8453379273414612,0.3447781521480082,2.1734514083265806,2.1734514083265806
13,44,-0.14300353825092316,-0.3777167499065399,0.051824893802404404,-1.4767683744430542,2,0.0,-1.0469796882808036,-1.0469796882808036,0.8332807421684265,-0.5056159345388413,-0.5413637537419622,-0.5413637537419622
13,45,-0.1426142305135727,-0.3930891752243042,0.03403228521347046,-1.558418869972229,2,0.0,-1.0469796882808036,-1.0469796882808036,0.8200554847717285,-1.3524208855628967,0.3054411972820932,0.3054411972820932
13,46,-0.14239606261253357,-0.40928342938423157,0.017451850697398186,-1.6403523683547974,2,0.0,-1.0469796882808036,-1.0469796882808036,-2.194420576095581,-2.194420576095581,1.1474408878147775,1.1474408878147775
14,0,-0.13203296065330505,0.16758275032043457,0.10683658719062805,0.050905853509902954,0,-1.0,18.278678180011568,18.278678180011568,0.9679226875305176,35.45469471229217,-17.1760165322806,-17.1760165322806
14,1,-0.13136501610279083,0.16767190396785736,0.03348758816719055,-0.03544848412275314,1,-0.5,31.45983025108432,31.45983025108432,0.968268632888794,34.835123257335,-3.375293006250679,-3.375293006250679
14,2,-0.1311892718076706,0.16726475954055786,0.0025539686903357506,-0.05726132541894913,1,-0.5,31.45983025108432,31.45983025108432,0.968136727809906,34.20894406509718,-2.7491138140128584,-2.7491138140128584
14,3,-0.13131001591682434,0.16665852069854736,-0.02611626125872135,-0.07569889724254608,0,-1.0,33.04292435175442,33.04292435175442,0.9674739837646484,33.57657306796694,-0.5336487162125181,-0.5336487162125181
14,4,-0.1319161206483841,0.16556482017040253,-0.08970244228839874,-0.1473836749792099,0,-1.0,33.04292435175442,33.04292435175442,0.9670792818069458,32.93848392343666,0.10444042831776557,0.10444042831776557
14,5,-0.13313189148902893,0.16379275918006897,-0.14866580069065094,-0.2122311145067215,0,-1.0,33.04292435175442,33.04292435175442,0.9669190645217896,32.294348122858295,0.7485762288961268,0.7485762288961268
14,6,-0.134913370013237,0.1614065021276474,-0.2033890336751938,-0.2709297239780426,0,-1.0,33.04292435175442,33.04292435175442,0.9669606685638428,31.64386773569344,1.3990566160609816,1.3990566160609816
14,7,-0.13722020387649536,0.15846370160579681,-0.25422030687332153,-0.3241035044193268,0,-1.0,33.04292435175442,33.04292435175442,0.9671728014945984,30.986774815282423,2.056149536471999,2.056149536471999
14,8,-0.14001530408859253,0.15501616895198822,-0.30147677659988403,-0.37231871485710144,2,0.0,29.071797335457877,29.071797335457877,0.9686623215675354,30.3228303169574,-1.2510329814995238,-1.2510329814995238
14,9,-0.14284278452396393,0.15175363421440125,-0.27128246426582336,-0.30297502875328064,2,0.0,29.071797335457877,29.071797335457877,0.9699012637138367,29.650674742818047,-0.5788774073601708,-0.5788774073601708
14,10,-0.14538200199604034,0.1491602063179016,-0.24344561994075775,-0.2376786321401596,2,0.0,29.071797335457877,29.071797335457877,0.9709144234657288,28.970478261721425,0.10131907373645177,0.10131907373645177
14,11,-0.14765536785125732,0.1471979022026062,-0.2177705466747284,-0.17603924870491028,2,0.0,29.071797335457877,29.071797335457877,0.9717226624488831,28.282387715409794,0.7894096200480831,0.7894096200480831
14,12,-0.1496834009885788,0.14583243429660797,-0.19407512247562408,-0.11769124865531921,2,0.0,29.071797335457877,29.071797335457877,0.9723424911499023,27.586530356526172,1.4852669789317048,1.4852669789317048
14,13,-0.1514849066734314,0.1450330913066864,-0.17219038307666779,-0.06229269877076149,2,0.0,29.071797335457877,29.071797335457877,0.9727871417999268,26.883018045834618,2.188779289623259,2.188779289623259
14,14,-0.15307706594467163,0.14477242529392242,-0.15195991098880768,-0.009524047374725342,2,0.0,29.071797335457877,29.071797335457877,0.9726579785346985,26.17195040811585,2.8998469273420255,2.8998469273420255
14,15,-0.15447553992271423,0.1450260430574417,-0.1332390159368515,0.04091304913163185,2,0.0,25.308514358576126,25.308514358576126,0.9722967743873596,25.45383073695066,-0.1453163783745346,-0.1453163783745346
14,16,-0.1556946039199829,0.14577242732048035,-0.11589407920837402,0.08929714560508728,2,0.0,25.308514358576126,25.308514358576126,0.9718017578125,24.728822184407374,0.579692174168752,0.579692174168752
14,17,-0.15674728155136108,0.14699269831180573,-0.09980186820030212,0.1358882486820221,2,0.0,25.308514358576126,25.308514358576126,0.9711735844612122,23.996990329893812,1.3115240286823138,1.3115240286823138
14,18,-0.15764540433883667,0.1486705094575882,-0.08484886586666107,0.180929034948349,2,0.0,25.308514358576126,25.308514358576126,0.9704111218452454,23.258400752962224,2.0501136056139018,2.0501136056139018
14,19,-0.1583997905254364,0.15079185366630554,-0.07093050330877304,0.22464647889137268,2,0.0,25.308514358576126,25.308514358576126,0.9695121645927429,22.5131208395121,2.7953935190640244,2.7953935190640244
14,20,-0.15902012586593628,0.15334486961364746,-0.057950545102357864,0.2672528922557831,2,0.0,25.308514358576126,25.308514358576126,0.9684721827507019,21.761220883756927,3.547293474819199,3.547293474819199
14,21,-0.15951526165008545,0.1563197374343872,-0.045820560306310654,0.30894702672958374,2,0.0,25.308514358576126,25.308514358576126,0.9672858715057373,21.002776465662855,4.305737892913271,4.305737892913271
14,22,-0.15989325940608978,0.15970855951309204,-0.034459277987480164,0.3499153256416321,3,0.5,17.956585103131964,17.956585103131964,0.9656780362129211,20.23786928702739,-2.2812841838954263,-2.2812841838954263
14,23,-0.15995065867900848,0.16382621228694916,0.013238136656582355,0.44675183296203613,0,-1.0,18.278678180011568,18.278678180011568,0.9642845988273621,19.466859849307546,-1.1881816692959788,-1.1881816692959788
14,24,-0.16018162667751312,0.16792608797550201,-0.05347342789173126,0.36998358368873596,3,0.5,17.956585103131964,17.956585103131964,0.9627832174301147,18.689469949979983,-0.7328848468480196,-0.7328848468480196
14,25,-0.1604185551404953,0.17226916551589966,-0.004046227317303419,0.47058433294296265,3,0.5,17.956585103131964,17.956585103131964,0.9600784778594971,17.905744174292796,0.05084092883916824,0.05084092883916824
14,26,-0.16018100082874298,0.17759276926517487,0.0418524406850338,0.5664326548576355,0,-1.0,18.278678180011568,18.278678180011568,0.958708643913269,17.11683403680131,1.1618441432102564,1.1618441432102564
14,27,-0.16013234853744507,0.18289634585380554,-0.026200998574495316,0.4899561107158661,3,0.5,17.956585103131964,17.956585103131964,0.956193208694458,16.321338780694994,1.63524632243697,1.63524632243697
14,28,-0.16010381281375885,0.18844376504421234,0.02173490822315216,0.5903492569923401,0,-1.0,18.278678180011568,18.278678180011568,0.9541842341423035,15.520349062626806,2.7583291173847613,2.7583291173847613
14,29,-0.16024333238601685,0.19401949644088745,-0.04419710114598274,0.5189192295074463,3,0.5,17.956585103131964,17.956585103131964,0.9517298936843872,14.713297806550003,3.2432872965819612,3.2432872965819612
14,30,-0.16038399934768677,0.1998843103647232,0.005461817141622305,0.6234256029129028,0,-1.0,18.278678180011568,18.278678180011568,0.9491041302680969,13.900573649359208,4.37810453065236,4.37810453065236
14,31,-0.16067473590373993,0.20582222938537598,-0.0586114376783371,0.5567417740821838,3,0.5,17.956585103131964,17.956585103131964,0.9464362263679504,13.082292443526375,4.874292659605588,4.874292659605588
14,32,-0.16095028817653656,0.21209131181240082,-0.007497785612940788,0.6650230884552002,2,0.0,11.687295135588041,11.687295135588041,0.9432120323181152,12.258440623392348,-0.5711454878043067,-0.5711454878043067
14,33,-0.1609434336423874,0.21910460293293,0.0033540097065269947,0.7134226560592651,0,-1.0,12.069157922519226,12.069157922519226,0.9398793578147888,11.429523829367911,0.6396340931513151,0.6396340931513151
14,34,-0.16124683618545532,0.22597873210906982,-0.05949836224317551,0.651847243309021,2,0.0,11.687295135588041,11.687295135588041,0.9365324974060059,10.595600476316285,1.0916946592717558,1.0916946592717558
14,35,-0.16173377633094788,0.23291470110416412,-0.04424702376127243,0.7088600993156433,2,0.0,11.687295135588041,11.687295135588041,0.9328175187110901,9.756634322131596,1.930660813456445,1.930660813456445
14,36,-0.1620728075504303,0.240421324968338,-0.02988428622484207,0.7655362486839294,2,0.0,11.687295135588041,11.687295135588041,0.9287093281745911,8.912946266081319,2.7743488695067224,2.7743488695067224
14,37,-0.16227233409881592,0.24849653244018555,-0.016331151127815247,0.8220770359039307,2,0.0,11.687295135588041,11.687295135588041,0.9241794943809509,8.064885795865381,3.62240933972266,3.62240933972266
14,38,-0.16234005987644196,0.25714027881622314,-0.0035163727588951588,0.8786706328392029,2,0.0,11.687295135588041,11.687295135588041,0.919024646282196,7.212834647964071,4.47446048762397,4.47446048762397
14,39,-0.16228298842906952,0.26635417342185974,0.008623983711004257,0.9354937672615051,4,1.0,4.866778882465841,4.866778882465841,0.9117527604103088,6.357383840082702,-1.4906049576168607,-1.4906049576168607
14,40,-0.16169631481170654,0.27675357460975647,0.09242265671491623,1.1002610921859741,4,1.0,4.866778882465841,4.866778882465841,0.9034935832023621,5.500637454214538,-0.6338585717486973,-0.6338585717486973
14,41,-0.1603066772222519,0.2887580096721649,0.1700405329465866,1.2570340633392334,2,0.0,3.778498993557919,3.778498993557919,0.8957501649856567,4.643579667689067,-0.8650806741311476,-0.8650806741311476
14,42,-0.15858183801174164,0.30168887972831726,0.17012514173984528,1.300563097000122,2,0.0,3.778498993557919,3.778498993557919,0.8873704671859741,3.785686366367081,-0.007187372809161818,-0.007187372809161818
14,43,-0.15685351192951202,0.31507283449172974,0.1705641895532608,1.3464945554733276,2,0.0,1.933353118067358,1.933353118067358,0.878302812576294,2.9275918173546533,-0.9942386992872954,-0.9942386992872954
14,44,-0.1551184356212616,0.3289339244365692,0.17131567001342773,1.3948205709457397,2,0.0,1.933353118067358,1.933353118067358,0.868492066860199,2.0699888937155144,-0.13663577564815643,-0.13663577564815643
14,45,-0.15337376296520233,0.34329602122306824,0.17233771085739136,1.44553542137146,2,0.0,1.933353118067358,1.933353118067358,0.8578783869743347,1.2136331584397124,0.7197199596276456,0.7197199596276456
14,46,-0.15161706507205963,0.35818299651145935,0.17358815670013428,1.4986357688903809,2,0.0,1.933353118067358,1.933353118067358,0.846397340297699,0.359348254005432,1.574004864061926,1.574004864061926
14,47,-0.1498464047908783,0.3736187815666199,0.17502404749393463,1.554119348526001,0,-1.0,-0.9186968576104202,-0.9186968576104202,0.8356001377105713,-0.49196877403259287,-0.4267280835778273,-0.4267280835778273
14,48,-0.14845748245716095,0.3890568017959595,0.10676950961351395,1.5117883682250977,0,-1.0,-0.9186968576104202,-0.9186968576104202,0.8244640827178955,-1.3409786987304688,0.42228184112004863,0.42228184112004863
14,49,-0.1477176398038864,0.4041386544704437,0.04420983046293259,1.4803425073623657,0,-1.0,-0.9186968576104202,-0.9186968576104202,-2.1873159408569336,-2.1873159408569336,1.2686190832465134,1.2686190832465134
15,0,-0.039457619190216064,-0.19183498620986938,-0.05763067305088043,0.14638108015060425,2,0.0,18.87132129282653,18.87132129282653,0.9621492028236389,29.116305545140577,-10.244984252314048,-10.244984252314048
15,1,-0.040083691477775574,-0.19066296517848969,-0.06303345412015915,0.10935699939727783,2,0.0,18.87132129282653,18.87132129282653,0.9625766277313232,28.4385417599161,-9.56722046708957,-9.56722046708957
15,2,-0.040761157870292664,-0.18985594809055328,-0.06799166649580002,0.07317057251930237,2,0.0,18.87132129282653,18.87132129282653,0.962867021560669,27.753500133519974,-8.882178840693445,-8.882178840693445
15,3,-0.04148588702082634,-0.18940642476081848,-0.0725531056523323,0.03769601508975029,2,0.0,18.87132129282653,18.87132129282653,0.9630236029624939,27.061245567635662,-8.189924274809133,-8.189924274809133
15,4,-0.042254187166690826,-0.1893080770969391,-0.07676199078559875,0.0028139238711446524,2,0.0,18.87132129282653,18.87132129282653,0.9627332091331482,26.361840368356734,-7.490519075530205,-7.490519075530205
15,5,-0.04306279122829437,-0.18955576419830322,-0.08065920323133469,-0.03158926963806152,1,-0.5,18.521561315952248,18.521561315952248,0.9615160226821899,25.65566379719554,-7.134102481243293,-7.134102481243293
15,6,-0.04411834850907326,-0.19046302139759064,-0.12112054973840714,-0.12146008759737015,1,-0.5,18.521561315952248,18.521561315952248,0.9600054621696472,24.943583610619545,-6.422022294667297,-6.422022294667297
15,7,-0.045561790466308594,-0.19224467873573303,-0.15863139927387238,-0.2070022076368332,1,-0.5,18.521561315952248,18.521561315952248,0.9582027792930603,24.225836513585755,-5.704275197633507,-5.704275197633507
15,8,-0.04736506938934326,-0.1948605477809906,-0.19343653321266174,-0.28870853781700134,1,-0.5,18.521561315952248,18.521561315952248,0.956104040145874,23.50266033766939,-4.981099021717142,-4.981099021717142
15,9,-0.04950246214866638,-0.19827517867088318,-0.22576254606246948,-0.36703991889953613,1,-0.5,18.521561315952248,18.521561315952248,0.953700840473175,22.774299290427795,-4.252737974475547,-4.252737974475547
15,10,-0.05195043236017227,-0.20245754718780518,-0.25581854581832886,-0.44242697954177856,1,-0.5,18.521561315952248,18.521561315952248,0.9509807825088501,22.041008535307697,-3.519447219355449,-3.519447219355449
15,11,-0.05468742549419403,-0.20738084614276886,-0.2837972640991211,-0.5152717232704163,1,-0.5,18.521561315952248,18.521561315952248,0.9479273557662964,21.30305833616045,-2.781497020208203,-2.781497020208203
15,12,-0.0576937235891819,-0.21302200853824615,-0.3098757266998291,-0.585948646068573,3,0.5,15.55869681147104,15.55869681147104,0.9460920691490173,20.5607383640345,-5.00204155256346,-5.00204155256346
15,13,-0.06053447723388672,-0.21873290836811066,-0.2609444260597229,-0.5443052053451538,3,0.5,15.55869681147104,15.55869681147104,0.9442946910858154,19.81277403523786,-4.2540772237668225,-4.2540772237668225
15,14,-0.06290885806083679,-0.22406871616840363,-0.21594637632369995,-0.5095123648643494,3,0.5,15.55869681147104,15.55869681147104,0.9425238966941833,19.059070044598027,-3.5003732331269877,-3.5003732331269877
15,15,-0.06485430896282196,-0.22909456491470337,-0.17455823719501495,-0.48101121187210083,3,0.5,15.55869681147104,15.55869681147104,0.9407662749290466,18.299541563539236,-2.740844752068197,-2.740844752068197
15,16,-0.06640522181987762,-0.23387040197849274,-0.13648629188537598,-0.4582996666431427,3,0.5,15.55869681147104,15.55869681147104,0.9390078186988831,17.534116453141607,-1.9754196416705678,-1.9754196416705678
15,17,-0.06759318709373474,-0.23845140635967255,-0.10146356374025345,-0.4409276843070984,3,0.5,15.55869681147104,15.55869681147104,0.9372333288192749,16.76273599438659,-1.2040391829155492,-1.2040391829155492
15,18,-0.0684472993016243,-0.24288855493068695,-0.06924714148044586,-0.4284914433956146,3,0.5,15.55869681147104,15.55869681147104,0.9354264140129089,15.985356227845774,-0.4266594163747346,-0.4266594163747346
15,19,-0.06899433583021164,-0.24722911417484283,-0.03961582109332085,-0.4206291437149048,3,0.5,15.55869681147104,15.55869681147104,0.9335711598396301,15.201949306901884,0.3567475045691548,0.3567475045691548
15,20,-0.06925899535417557,-0.2515168786048889,-0.012368005700409412,-0.41701677441596985,3,0.5,15.55869681147104,15.55869681147104,0.931397020816803,14.412503178850763,1.1461936326202764,1.1461936326202764
15,21,-0.06926403939723969,-0.25579267740249634,0.012680146843194962,-0.41736462712287903,4,1.0,14.193921587132538,14.193921587132538,0.9290075302124023,13.61727894750905,0.576642639623488,0.576642639623488
15,22,-0.06882421672344208,-0.2597866356372833,0.07196493446826935,-0.3672700524330139,4,1.0,14.193921587132538,14.193921587132538,0.9268506169319153,12.816435775047118,1.3774858120854194,1.3774858120854194
15,23,-0.06781787425279617,-0.26332375407218933,0.1266898661851883,-0.32463979721069336,0,-1.0,8.336828462787174,8.336828462787174,0.9245877861976624,12.009681977894145,-3.6728535151069703,-3.6728535151069703
15,24,-0.06711196154356003,-0.2677018940448761,0.03243216872215271,-0.504562258720398,0,-1.0,8.336828462787174,8.336828462787174,0.920190691947937,11.197064840097458,-2.860236377310283,-2.860236377310283
15,25,-0.06730955839157104,-0.2738250195980072,-0.05494365841150284,-0.6747408509254456,3,0.5,8.547401371037893,8.547401371037893,0.9166434407234192,10.380680957726788,-1.8332795866888958,-1.8332795866888958
15,26,-0.06772906333208084,-0.28068700432777405,-0.027698956429958344,-0.6753773093223572,3,0.5,8.547401371037893,8.547401371037893,0.9129440188407898,9.559633855558959,-1.012232484521066,-1.012232484521066
15,27,-0.06788969784975052,-0.2875833511352539,-0.0027516931295394897,-0.680497944355011,3,0.5,8.547401371037893,8.547401371037893,0.9086663126945496,8.734030138099161,-0.18662876706126852,-0.18662876706126852
15,28,-0.06781341880559921,-0.2945573627948761,0.02007746323943138,-0.6898301243782043,0,-1.0,8.336828462787174,8.336828462787174,0.9025567770004272,7.904407904449104,0.43242055833807047,0.43242055833807047
15,29,-0.0681324228644371,-0.30255332589149475,-0.06664314866065979,-0.8619606494903564,3,0.5,8.547401371037893,8.547401371037893,0.8973988890647888,7.072576896412805,1.4748244746250876,1.4748244746250876
15,30,-0.06867202371358871,-0.31132516264915466,-0.03967699408531189,-0.8675687909126282,3,0.5,8.547401371037893,8.547401371037893,0.891991376876831,6.237553542775774,2.309847828262119,2.309847828262119
15,31,-0.06895574927330017,-0.3201833963394165,-0.015033900737762451,-0.8779657483100891,4,1.0,4.077760879468508,4.077760879468508,0.8862582445144653,5.399557743332266,-1.3217968638637574,-1.3217968638637574
15,32,-0.06880335509777069,-0.3288778066635132,0.04305349290370941,-0.8407827019691467,1,-0.5,4.084597095415545,4.084597095415545,0.8797844648361206,4.558888382644243,-0.47429128722869773,-0.47429128722869773
15,33,-0.0687028095126152,-0.33813488483428955,-0.009980072267353535,-0.967287003993988,4,1.0,4.077760879468508,4.077760879468508,0.8729835152626038,3.7162665836445683,0.36149429582394,0.36149429582394
15,34,-0.0685073658823967,-0.347755491733551,0.04693010449409485,-0.9349367618560791,1,-0.5,4.084597095415545,4.084597095415545,0.8655315637588501,2.8720030993757217,1.2125939960398235,1.2125939960398235
15,35,-0.06837136298418045,-0.35797592997550964,-0.006542090326547623,-1.0642690658569336,4,1.0,4.077760879468508,4.077760879468508,0.8575272560119629,2.0267389248655268,2.0510219546029815,2.0510219546029815
15,36,-0.06814846396446228,-0.3686007261276245,0.04927927255630493,-1.0369398593902588,2,0.0,0.27174552632001203,0.27174552632001203,0.8491039276123047,1.1810218877308727,-0.9092763614108607,-0.9092763614108607
15,37,-0.06779204308986664,-0.37957626581192017,0.03055715374648571,-1.1186524629592896,2,0.0,0.27174552632001203,0.27174552632001203,0.8397842049598694,0.33527066678643225,-0.06352514046642022,-0.06352514046642022
15,38,-0.06761597841978073,-0.39136993885040283,0.013071681372821331,-1.2000380754470825,2,0.0,0.27174552632001203,0.27174552632001203,0.8294470310211182,-0.5096096345186234,0.7813551608386354,0.7813551608386354
15,39,-0.0676083117723465,-0.4039797782897949,-0.0032551619224250317,-1.2813202142715454,4,1.0,-0.5167068541978838,-0.5167068541978838,0.8184996247291565,-1.3525824904441834,0.8358756362462997,0.8358756362462997
15,40,-0.06736473739147186,-0.41684868931770325,0.05061807483434677,-1.264758825302124,2,0.0,-1.0469796882808036,-1.0469796882808036,-2.193012237548828,-2.193012237548828,1.1460325492680246,1.1460325492680246
16,0,0.014479383826255798,0.04471045732498169,0.03552785515785217,0.07836392521858215,1,-0.5,66.10146552123945,66.10146552123945,0.997755229473114,51.9933927304581,14.10807279078135,14.10807279078135
16,1,0.014624112285673618,0.0452202707529068,-0.0022938549518585205,0.026832865551114082,2,0.0,65.25637898609452,65.25637898609452,0.9976900219917297,51.51074495048988,13.745634035604638,13.745634035604638
16,2,0.014620360918343067,0.04556954652070999,0.00025652479962445796,0.03761718049645424,1,-0.5,66.10146552123945,66.10146552123945,0.9974732398986816,51.023287806563786,15.078177714675661,15.078177714675661
16,3,0.014427773654460907,0.04569659009575844,-0.034875597804784775,-0.009644707664847374,3,0.5,65.26788780891205,65.26788780891205,0.9974492192268372,50.53112582491425,14.736761983997802,14.736761983997802
16,4,0.014325683936476707,0.04603233188390732,0.007651098072528839,0.06284081190824509,1,-0.5,66.10146552123945,66.10146552123945,0.997451663017273,50.03401677342163,16.06744874781782,16.06744874781782
16,5,0.014204081147909164,0.04640759527683258,-0.02800873853266239,0.014842675998806953,2,0.0,65.25637898609452,65.25637898609452,0.9974052906036377,49.53188394990339,15.72449503619113,15.72449503619113
16,6,0.013954627327620983,0.04665595293045044,-0.023468175902962685,0.02887200005352497,2,0.0,65.25637898609452,65.25637898609452,0.9973445534706116,49.0247259184846,16.23165306760992,16.23165306760992
16,7,0.013748743571341038,0.04704206809401512,-0.019254200160503387,0.042438630014657974,2,0.0,65.25637898609452,65.25637898609452,0.9972695708274841,48.51250642930706,16.74387255678746,16.74387255678746
16,8,0.013583358377218246,0.04756176471710205,-0.015335205011069775,0.055612027645111084,2,0.0,65.25637898609452,65.25637898609452,0.9971802830696106,47.99518874593897,17.26119024015555,17.26119024015555
16,9,0.013455701060593128,0.04821154102683067,-0.01168217696249485,0.06845699995756149,2,0.0,65.25637898609452,65.25637898609452,0.9970765709877014,47.47273582108016,17.78364316501436,17.78364316501436
16,10,0.013363277539610863,0.04898851364850998,-0.0082684475928545,0.08103425055742264,2,0.0,65.25637898609452,65.25637898609452,0.9969578385353088,46.94511035362874,18.311268632465776,18.311268632465776
16,11,0.013303847052156925,0.04989037662744522,-0.005069522187113762,0.09340064972639084,2,0.0,65.25637898609452,65.25637898609452,0.9968237280845642,46.41227526777114,18.844103718323375,18.844103718323375
16,12,0.013275399804115295,0.050915397703647614,-0.002062832238152623,0.10560983419418335,2,0.0,65.25637898609452,65.25637898609452,0.9966580271720886,45.87419347443089,19.38218551166363,19.38218551166363
16,13,0.013276147656142712,0.05206234008073807,0.0007723986054770648,0.11771246790885925,1,-0.5,66.10146552123945,66.10146552123945,0.9964563250541687,45.33084388612,20.770621635119447,20.770621635119447
16,14,0.01309118140488863,0.05300165340304375,-0.03404109925031662,0.07196075469255447,0,-1.0,59.96639455395799,59.96639455395799,0.9959677457809448,44.782209657642255,15.184184896315735,15.184184896315735
16,15,0.012360005639493465,0.05317920446395874,-0.10369093716144562,-0.027351010590791702,2,0.0,59.36379437847489,59.36379437847489,0.9962115287780762,44.2285271836983,15.135267194776596,15.135267194776596
16,16,0.011388706974685192,0.0530671626329422,-0.0931258276104927,-0.003024402540177107,2,0.0,59.36379437847489,59.36379437847489,0.9962146878242493,43.66900571204063,15.694788666434263,15.694788666434263
16,17,0.010518516413867474,0.05319127440452576,-0.08335665613412857,0.020064355805516243,0,-1.0,59.96639455395799,59.96639455395799,0.9953254461288452,43.103829317390286,16.862565236567704,16.862565236567704
16,18,0.009315290488302708,0.052882567048072815,-0.1493021696805954,-0.07352136820554733,2,0.0,59.36379437847489,59.36379437847489,0.9956747889518738,42.533842294203474,16.82995208427142,16.82995208427142
16,19,0.007907199673354626,0.05233822017908096,-0.1353364884853363,-0.04400898888707161,3,0.5,65.26788780891205,65.26788780891205,0.9961867332458496,41.957744954799594,23.310142854112456,23.310142854112456
16,20,0.006845923140645027,0.05240770801901817,-0.08494606614112854,0.04157254472374916,2,0.0,65.25637898609452,65.25637898609452,0.9961106181144714,41.375311334902776,23.881067651191742,23.881067651191742
16,21,0.0060537876561284065,0.05297131836414337,-0.07582109421491623,0.06357977539300919,0,-1.0,59.96639455395799,59.96639455395799,0.9955983757972717,40.7870714310993,19.17932312285869,19.17932312285869
16,22,0.004922621883451939,0.05309246852993965,-0.14234019815921783,-0.03091341257095337,2,0.0,59.36379437847489,59.36379437847489,0.9958920478820801,40.193407126567706,19.170387251907187,19.170387251907187
16,23,0.0035812826827168465,0.05297005549073219,-0.1288815289735794,-0.002140843076631427,2,0.0,59.36379437847489,59.36379437847489,0.9958868026733398,39.593449574429926,19.770344804044967,19.770344804044967
16,24,0.0023687498178333044,0.053126342594623566,-0.1164359450340271,0.025058697909116745,0,-1.0,59.96639455395799,59.96639455395799,0.9950799942016602,38.98743714318847,20.978957410769517,20.978957410769517
16,25,0.0008488183957524598,0.05288922041654587,-0.17990398406982422,-0.0647173523902893,2,0.0,59.36379437847489,59.36379437847489,0.9954537749290466,38.376118332309915,20.987676046164978,20.987676046164978
16,26,-0.0008522277348674834,0.05245306342840195,-0.16364212334156036,-0.0316627062857151,4,1.0,65.03062107186874,65.03062107186874,0.995879590511322,37.75824702765744,27.272374044211297,27.272374044211297
16,27,-0.001971122110262513,0.05299363285303116,-0.07362590730190277,0.1150156632065773,4,1.0,32.0816843639421,32.0816843639421,0.9956262707710266,37.13370448196578,-5.052020118023677,-5.052020118023677
16,28,-0.002228042809292674,0.054942838847637177,0.009672066196799278,0.251449853181839,0,-1.0,31.572774693014566,31.572774693014566,0.9953927397727966,36.50310930423712,-4.9303346112225555,-4.9303346112225555
16,29,-0.0025399241130799055,0.05689021944999695,-0.06313802301883698,0.14761844277381897,4,1.0,32.0816843639421,32.0816843639421,0.9948840141296387,35.866380368145784,-3.7846960042036812,-3.7846960042036812
16,30,-0.002695001196116209,0.05916506052017212,0.019557692110538483,0.28369325399398804,0,-1.0,31.572774693014566,31.572774693014566,0.9947875142097473,35.2237336909254,-3.650958997910834,-3.650958997910834
16,31,-0.002910464769229293,0.061436086893081665,-0.0537545308470726,0.1797621101140976,4,1.0,32.0816843639421,32.0816843639421,0.9940347075462341,34.574693107793586,-2.493008743851483,-2.493008743851483
16,32,-0.0029740463942289352,0.06403373926877975,0.02844984456896782,0.3157397508621216,0,-1.0,31.572774693014566,31.572774693014566,0.9940463304519653,33.91985696994682,-2.3470822769322552,-2.3470822769322552
16,33,-0.0031023272313177586,0.06662829965353012,-0.04525262862443924,0.21198591589927673,4,1.0,32.0816843639421,32.0816843639421,0.9930546283721924,33.25839458534834,-1.176710221406239,-1.176710221406239
16,34,-0.0030826376751065254,0.06955115497112274,0.03655339032411575,0.3480992019176483,0,-1.0,31.572774693014566,31.572774693014566,0.9931472539901733,32.59125248179409,-1.0184777887795278,-1.0184777887795278
16,35,-0.003131008008494973,0.07247408479452133,-0.037442341446876526,0.24477821588516235,4,1.0,32.0816843639421,32.0816843639421,0.9919166564941406,31.917278007882746,0.16440635605935583,0.16440635605935583
16,36,-0.00303445803001523,0.07572931796312332,0.04404304176568985,0.3812362849712372,0,-1.0,31.572774693014566,31.572774693014566,0.9920642375946045,31.23773873877637,0.3350359542381973,0.3350359542381973
16,37,-0.003008512081578374,0.07899003475904465,-0.030161045491695404,0.27858811616897583,4,1.0,32.0816843639421,32.0816843639421,0.9905888438224792,30.551186364830066,1.5304979991120362,1.5304979991120362
16,38,-0.0028399608563631773,0.08258915692567825,0.05106841400265694,0.41558098793029785,0,-1.0,31.572774693014566,31.572774693014566,0.9907659888267517,29.85918941515918,1.7135852778553868,1.7135852778553868
16,39,-0.002743851626291871,0.08620134741067886,-0.023268822580575943,0.3138353228569031,4,1.0,32.0816843639421,32.0816843639421,0.9890346527099609,29.160023662962047,2.9216607009800555,2.9216607009800555
16,40,-0.002506821881979704,0.09016000479459763,0.05775812268257141,0.4515371322631836,0,-1.0,31.572774693014566,31.572774693014566,0.9892153143882751,28.455544454800087,3.1172302382144785,3.1172302382144785
16,41,-0.002343459753319621,0.09414131194353104,-0.016644854098558426,0.3509177565574646,4,1.0,32.0816843639421,32.0816843639421,0.9872114062309265,27.74376680849678,4.337917555445323,4.337917555445323
16,42,-0.0020403219386935234,0.09847907721996307,0.06422312557697296,0.48949024081230164,0,-1.0,31.572774693014566,31.572774693014566,0.9873680472373962,27.026823638652377,4.545951054362188,4.545951054362188
16,43,-0.0018115406855940819,0.1028510332107544,-0.010184204205870628,0.39021939039230347,4,1.0,32.0816843639421,32.0816843639421,0.9850690364837646,26.30248039536867,5.779203968573434,5.779203968573434
16,44,-0.0014436653582379222,0.10759126394987106,0.07055944204330444,0.5298135876655579,1,-0.5,25.444315488911016,25.444315488911016,0.9845156073570251,25.573142786752427,-0.12882729784141134,-0.12882729784141134
16,45,-0.0009381208219565451,0.11270484328269958,0.03351211175322533,0.4893583357334137,1,-0.5,25.444315488911016,25.444315488911016,0.9839293360710144,24.83699715090445,0.6073183380065679,0.6073183380065679
16,46,-0.0007851396803744137,0.11744722723960876,-0.00048171356320381165,0.45437735319137573,2,0.0,25.308514358576126,25.308514358576126,0.9826045632362366,24.094007893771145,1.2145064648049804,1.2145064648049804
16,47,-0.0007436771411448717,0.12219539284706116,0.00558869494125247,0.4815337061882019,1,-0.5,25.444315488911016,25.444315488911016,0.9813794493675232,23.34485184902516,2.0994636398858546,2.0994636398858546
16,48,-0.0008542225696146488,0.12689462304115295,-0.025807617232203484,0.45201534032821655,2,0.0,25.308514358576126,25.308514358576126,0.9800728559494019,22.58936606026024,2.7191482983158863,2.7191482983158863
16,49,-0.0010517347836866975,0.1316515952348709,-0.01738753169775009,0.48417702317237854,2,0.0,25.308514358576126,25.308514358576126,0.9786280393600464,21.82756889324327,3.480945465332855,3.480945465332855
16,50,-0.0011669364757835865,0.13673263788223267,-0.009374506771564484,0.516429603099823,2,0.0,25.308514358576126,25.308514358576126,0.9770344495773315,21.05953621604366,4.248978142532465,4.248978142532465
16,51,-0.0012036256957799196,0.14213940501213074,-0.0017249980010092258,0.5488878488540649,2,0.0,25.308514358576126,25.308514358576126,0.9751684665679932,20.28535531966296,5.0231590389131675,5.0231590389131675
16,52,-0.0011651866370812058,0.14787468314170837,0.005600891076028347,0.5816609263420105,1,-0.5,25.444315488911016,25.444315488911016,0.9733647704124451,19.50523924555047,5.939076243360546,5.939076243360546
16,53,-0.0012656664475798607,0.15362024307250977,-0.024456948041915894,0.5582326054573059,2,0.0,25.308514358576126,25.308514358576126,0.9714352488517761,18.719065126402047,6.589449232174079,6.589449232174079
16,54,-0.0014408243587240577,0.1594826728105545,-0.014905860647559166,0.5961011052131653,3,0.5,17.956585103131964,17.956585103131964,0.9686627388000488,17.926898866212394,0.029686236919570064,0.029686236919570064
16,55,-0.0013119446812197566,0.16604802012443542,0.03121361881494522,0.6905535459518433,0,-1.0,18.278678180011568,18.278678180011568,0.9667874574661255,17.12953144183065,1.1491467381809173,1.1491467381809173
16,56,-0.0013708375627174973,0.1725771427154541,-0.0368209183216095,0.6122093796730042,3,0.5,17.956585103131964,17.956585103131964,0.9641649127006531,16.326004024610633,1.630581078521331,1.630581078521331
16,57,-0.0014478506054729223,0.17933745682239532,0.011423597112298012,0.7116950154304504,0,-1.0,18.278678180011568,18.278678180011568,0.961621880531311,15.517009203949476,2.761668976062092,2.761668976062092
16,58,-0.001690764562226832,0.18611526489257812,-0.05437486618757248,0.6389756798744202,3,0.5,17.956585103131964,17.956585103131964,0.958924412727356,14.702411437796126,3.2541736653358377,3.2541736653358377
16,59,-0.0019319991115480661,0.19317446649074554,-0.004345635883510113,0.7430078387260437,3,0.5,17.956585103131964,17.956585103131964,0.954862117767334,13.882310126332092,4.074274976799872,4.074274976799872
16,60,-0.0016925259260460734,0.20125162601470947,0.04216621443629265,0.8426803350448608,0,-1.0,18.278678180011568,18.278678180011568,0.9520608186721802,13.058028291479554,5.220649888532014,5.220649888532014
16,61,-0.0016325470060110092,0.209359273314476,-0.024713639169931412,0.7720455527305603,3,0.5,17.956585103131964,17.956585103131964,0.9479556679725647,12.2282499725327,5.728335130599264,5.728335130599264
16,62,-0.001583850709721446,0.21776290237903595,0.02383469045162201,0.8769629001617432,0,-1.0,12.069157922519226,12.069157922519226,0.9443374276161194,11.394236671272864,0.6749212512463618,0.6749212512463618
16,63,-0.0016929316334426403,0.2262551635503769,-0.04076685383915901,0.8125723600387573,2,0.0,11.687295135588041,11.687295135588041,0.9402679204940796,10.55545378147146,1.131841354116581,1.131841354116581
16,64,-0.0020015991758555174,0.23478516936302185,-0.02704659104347229,0.8673577308654785,2,0.0,11.687295135588041,11.687295135588041,0.9357761740684509,9.712308950482203,1.9749861851058377,1.9749861851058377
16,65,-0.0021766668651252985,0.24386677145957947,-0.014054475352168083,0.9222778081893921,2,0.0,11.687295135588041,11.687295135588041,0.9308305978775024,8.865184622640154,2.822110512947887,2.822110512947887
16,66,-0.0022250469774007797,0.2535025179386139,-0.0017277594888582826,0.977505624294281,2,0.0,11.687295135588041,11.687295135588041,0.9251973628997803,8.01449901491177,3.6727961206762707,3.6727961206762707
16,67,-0.0021530678495764732,0.2636965215206146,0.00998939573764801,1.0332030057907104,4,1.0,4.866778882465841,4.866778882465841,0.9174169301986694,7.160910759608072,-2.294131877142231,-2.294131877142231
16,68,-0.0015551293035969138,0.27506721019744873,0.09346412867307663,1.1972047090530396,4,1.0,4.866778882465841,4.866778882465841,0.9085608720779419,6.3065594236458615,-1.4397805411800206,-1.4397805411800206
16,69,-0.00015739345690235496,0.28803619742393494,0.170766219496727,1.3533329963684082,2,0.0,3.778498993557919,3.778498993557919,0.900153398513794,5.452523789462545,-1.6740247959046264,-1.6740247959046264
16,70,0.0015723821707069874,0.3019258975982666,0.1705344319343567,1.3963114023208618,1,-0.5,6.565692329757921,6.565692329757921,0.8918683528900146,4.598353930251264,1.967338399506657,1.967338399506657
16,71,0.003099341643974185,0.31596508622169495,0.1349465399980545,1.3892649412155151,1,-0.5,2.7257406558239916,2.7257406558239916,0.8831396698951721,3.743924825617424,-1.0181841697934324,-1.0181841697934324
16,72,0.004289453849196434,0.32997798919677734,0.10254571586847305,1.3891469240188599,1,-0.5,2.7257406558239916,2.7257406558239916,0.8739290833473206,2.889681975477022,-0.1639413196530306,-0.1639413196530306
16,73,0.0051729255355894566,0.34403127431869507,0.07305259257555008,1.395504355430603,1,-0.5,2.7257406558239916,2.7257406558239916,0.8641934990882874,2.036114032454244,0.6896266233697474,0.6896266233697474
16,74,0.005777302663773298,0.35818716883659363,0.046210892498493195,1.407930612564087,1,-0.5,2.7257406558239916,2.7257406558239916,0.8538849353790283,1.1837581145110678,1.5419825413129238,1.5419825413129238
16,75,0.0061276876367628574,0.37250426411628723,0.021784886717796326,1.4260611534118652,0,-1.0,-0.11914387831693286,-0.11914387831693286,0.8430646061897278,0.3332052314465045,-0.45234910976343734,-0.45234910976343734
16,76,0.006048183888196945,0.38675206899642944,-0.0353807732462883,1.3994104862213135,4,1.0,-0.3951350020452693,-0.3951350020452693,0.8300372958183289,-0.5150094694375993,0.11987446739232999,0.11987446739232999
16,77,0.006215931382030249,0.4019204080104828,0.051261842250823975,1.580492615699768,0,-1.0,-0.11914387831693286,-0.11914387831693286,0.8176280856132507,-1.3586330962181092,1.2394892179011763,1.2394892179011763
16,78,0.006424685940146446,0.4177394211292267,-0.0070847682654857635,1.5573197603225708,4,1.0,-0.3951350020452693,-0.3951350020452693,-2.1982436180114746,-2.1982436180114746,1.8031086159662053,1.8031086159662053
17,0,0.19078868627548218,0.15458828210830688,0.09966519474983215,0.19256800413131714,3,0.5,24.203738107025345,24.203738107025345,0.9652262330055237,25.869918990666218,-1.6661808836408731,-1.6661808836408731
17,1,0.1920146495103836,0.15703867375850677,0.13724996149539948,0.27324438095092773,3,0.5,24.203738107025345,24.203738107025345,0.9633432030677795,25.15625531076838,-0.9525172037430352,-0.9525172037430352
17,2,0.1936013102531433,0.160275399684906,0.17213834822177887,0.35017234086990356,1,-0.5,19.09902192771945,19.09902192771945,0.9627548456192017,24.437284957273334,-5.338263029553886,-5.338263029553886
17,3,0.19510182738304138,0.16362211108207703,0.1305045485496521,0.310993492603302,1,-0.5,19.09902192771945,19.09902192771945,0.9622337818145752,23.711646577428418,-4.61262464970897,-4.61262464970897
17,4,0.19620497524738312,0.16660986840724945,0.09214995801448822,0.27733251452445984,1,-0.5,19.09902192771945,19.09902192771945,0.9617716073989868,22.979204844054387,-3.880182916334938,-3.880182916334938
17,5,0.19694198668003082,0.16929098963737488,0.05680634081363678,0.24872080981731415,1,-0.5,19.09902192771945,19.09902192771945,0.9613596796989441,22.239831552177172,-3.1408096244577237,-3.1408096244577237
17,6,0.19734160602092743,0.17171348631381989,0.024229494854807854,0.22473546862602234,1,-0.5,19.09902192771945,19.09902192771945,0.9608725905418396,21.49340593179619,-2.3943840040767412,-2.3943840040767412
17,7,0.19743016362190247,0.17392128705978394,-0.0058030616492033005,0.20499512553215027,2,0.0,17.72277826535227,17.72277826535227,0.9598696827888489,20.739932667933687,-3.017154402581415,-3.017154402581415
17,8,0.19744208455085754,0.17627424001693726,0.0034488618839532137,0.24531112611293793,1,-0.5,19.09902192771945,19.09902192771945,0.9588819742202759,19.9798616011564,-0.8808396734369524,-0.8808396734369524
17,9,0.19733336567878723,0.17870910465717316,-0.024806365370750427,0.22899335622787476,2,0.0,17.72277826535227,17.72277826535227,0.9578458666801453,19.213110734278914,-1.490332468926642,-1.490332468926642
17,10,0.1971648931503296,0.18132196366786957,-0.013932911679148674,0.2724791467189789,2,0.0,17.72277826535227,17.72277826535227,0.9566250443458557,18.439661482423,-0.7168832170707269,-0.7168832170707269
17,11,0.1971014142036438,0.18436692655086517,-0.0037520104087889194,0.3153049647808075,2,0.0,17.72277826535227,17.72277826535227,0.9550978541374207,17.65963276573449,0.06314549961778226,0.06314549961778226
17,12,0.19713643193244934,0.18783849477767944,0.0058051287196576595,0.35763877630233765,1,-0.5,19.09902192771945,19.09902192771945,0.9536548256874084,16.873267587471787,2.2257543402476614,2.2257543402476614
17,13,0.19705457985401154,0.19141508638858795,-0.022037863731384277,0.34378817677497864,2,0.0,17.72277826535227,17.72277826535227,0.9520872831344604,16.080416931095332,1.6423613342569396,1.6423613342569396
17,14,0.19691678881645203,0.19519443809986115,-0.010822317562997341,0.38966986536979675,2,0.0,17.72277826535227,17.72277826535227,0.9502959251403809,15.281141058546336,2.441637206805936,2.441637206805936
17,15,0.19688761234283447,0.1994313895702362,-0.00028139090863987803,0.43508949875831604,2,0.0,17.72277826535227,17.72277826535227,0.9480777382850647,14.4756011448545,3.2471771204977724,3.2471771204977724
17,16,0.1969607025384903,0.20412243902683258,0.00965182762593031,0.4802156090736389,1,-0.5,19.09902192771945,19.09902192771945,0.9460588693618774,13.664165057140844,5.434856870578605,5.434856870578605
17,17,0.19692152738571167,0.20895014703273773,-0.01767287403345108,0.4697345793247223,2,0.0,17.72277826535227,17.72277826535227,0.9437951445579529,12.84657190684744,4.876206358504831,4.876206358504831
17,18,0.19683104753494263,0.21401362121105194,-0.0060617877170443535,0.5187825560569763,3,0.5,11.594897328832982,11.594897328832982,0.9403560161590576,12.023006830595442,-0.4281095017624601,-0.4281095017624601
17,19,0.19706159830093384,0.21988213062286377,0.04151524603366852,0.6228014826774597,4,1.0,10.502443636976295,10.502443636976295,0.935485303401947,11.194596782258975,-0.6921531452826795,-0.6921531452826795
17,20,0.19795717298984528,0.22708185017108917,0.12230321019887924,0.7776209115982056,4,1.0,10.502443636976295,10.502443636976295,0.9298399686813354,10.362738867532352,0.13970476944394328,0.13970476944394328
17,21,0.19962742924690247,0.23578672111034393,0.1972070038318634,0.9244832396507263,4,1.0,10.502443636976295,10.502443636976295,0.9233719706535339,9.528180705910117,0.9742629310661783,0.9742629310661783
17,22,0.20201608538627625,0.24592259526252747,0.2666720449924469,1.0642614364624023,4,1.0,10.502443636976295,10.502443636976295,0.9160223603248596,8.69172599520867,1.810717641767626,1.810717641767626
17,23,0.2050710916519165,0.25742363929748535,0.3311064839363098,1.1977648735046387,4,1.0,10.502443636976295,10.502443636976295,0.9077224731445312,7.854246095842232,2.6481975411340635,2.6481975411340635
17,24,0.20874430239200592,0.2702316343784332,0.3908826410770416,1.3257406949996948,1,-0.5,6.565692329757921,6.565692329757921,0.9008540511131287,7.016690527977476,-0.4509981982195548,-0.4509981982195548
17,25,0.21237516403198242,0.28338000178337097,0.33809328079223633,1.2880157232284546,1,-0.5,6.565692329757921,6.565692329757921,0.8937778472900391,6.17761260289328,0.38807972686464076,0.38807972686464076
17,26,0.2155051976442337,0.296207070350647,0.2898695170879364,1.2592494487762451,1,-0.5,6.565692329757921,6.565692329757921,0.8864713311195374,5.337206823841657,1.2284855059162636,1.2284855059162636
17,27,0.21817773580551147,0.30879828333854675,0.2458171397447586,1.2387627363204956,1,-0.5,5.713351839781885,5.713351839781885,0.8789058923721313,4.49569241689103,1.217659422890855,1.217659422890855
17,28,0.2204323410987854,0.3212328255176544,0.2055772989988327,1.2259466648101807,4,1.0,3.6282242235951987,3.6282242235951987,0.8685545921325684,3.6533197217362616,-0.025095498141062933,-0.025095498141062933
17,29,0.22291186451911926,0.33447203040122986,0.2754647135734558,1.376272439956665,1,-0.5,2.7257406558239916,2.7257406558239916,0.8593503832817078,2.812894070306761,-0.08715341448276925,-0.08715341448276925
17,30,0.22545652091503143,0.3483026325702667,0.23395997285842896,1.3658447265625,1,-0.5,2.7257406558239916,2.7257406558239916,0.8497650623321533,1.9732764515404577,0.7524642042835339,0.7524642042835339
17,31,0.2276073843240738,0.362076073884964,0.19604456424713135,1.3628859519958496,1,-0.5,2.7257406558239916,2.7257406558239916,0.8397531509399414,1.1348599890992974,1.5908806667246942,1.5908806667246942
17,32,0.22939850389957428,0.3758639097213745,0.16140438616275787,1.3668837547302246,0,-1.0,-0.11914387831693286,-0.11914387831693286,0.8301039338111877,0.2980877153124808,-0.41723159362941364,-0.41723159362941364
17,33,0.23066237568855286,0.3894481956958771,0.09485088288784027,1.3273375034332275,0,-1.0,-0.11914387831693286,-0.11914387831693286,0.8203059434890747,-0.5373901196956636,0.4182462413787308,0.4182462413787308
17,34,0.231292724609375,0.40269970893859863,0.0337648019194603,1.2980064153671265,0,-1.0,-0.11914387831693286,-0.11914387831693286,0.8098629713058472,-1.371410164833069,1.252266286516136,1.252266286516136
17,35,0.2313414216041565,0.415715754032135,-0.02233251929283142,1.2780755758285522,4,1.0,-0.3951350020452693,-0.3951350020452693,-2.203306198120117,-2.203306198120117,1.8081711960748479,1.8081711960748479
18,0,0.11039093136787415,0.06509155035018921,0.1678491234779358,-0.003950014710426331,4,1.0,34.27900682672763,34.27900682672763,0.9902807474136353,46.63798654259,-12.358979715862368,-12.358979715862368
18,1,0.11245027184486389,0.06571251153945923,0.23361501097679138,0.10719159990549088,2,0.0,36.212290366139015,36.212290366139015,0.9902399182319641,46.108793732501375,-9.89650336636236,-9.89650336636236
18,2,0.11471323668956757,0.06674637645483017,0.21956071257591248,0.09551586955785751,2,0.0,36.212290366139015,36.212290366139015,0.990195095539093,45.574296782090315,-9.3620064159513,-9.3620064159513
18,3,0.11684205383062363,0.06767451018095016,0.20661374926567078,0.08570031076669693,2,0.0,36.212290366139015,36.212290366139015,0.9901459813117981,45.034446148031535,-8.82215578189252,-8.82215578189252
18,4,0.1188473030924797,0.0685146227478981,0.1946854591369629,0.07759249210357666,2,0.0,36.212290366139015,36.212290366139015,0.9900920987129211,44.4891920875957,-8.276901721456682,-8.276901721456682
18,5,0.1207386925816536,0.06928295642137527,0.18369480967521667,0.07105450332164764,2,0.0,36.212290366139015,36.212290366139015,0.9900328516960144,43.93848483725533,-7.726194471116315,-7.726194471116315
18,6,0.1225251704454422,0.0699944719672203,0.17356768250465393,0.06596154719591141,2,0.0,36.212290366139015,36.212290366139015,0.9899675250053406,43.3822747328882,-7.169984366749183,-7.169984366749183
18,7,0.12421497702598572,0.07066293060779572,0.1642364114522934,0.06220094859600067,2,0.0,36.212290366139015,36.212290366139015,0.9898954629898071,42.820512331194806,-6.60822196505579,-6.60822196505579
18,8,0.1258157342672348,0.07130108028650284,0.15563908219337463,0.059671059250831604,2,0.0,36.212290366139015,36.212290366139015,0.9898160696029663,42.253148351722224,-6.040857985583209,-6.040857985583209
18,9,0.12733443081378937,0.07192068547010422,0.1477191299200058,0.05828041210770607,2,0.0,36.212290366139015,36.212290366139015,0.9897283315658569,41.68013361830228,-5.467843252163263,-5.467843252163263
18,10,0.12877753376960754,0.07253266125917435,0.14042481780052185,0.057946689426898956,2,0.0,36.212290366139015,36.212290366139015,0.9896315932273865,41.10141948155194,-4.889129115412928,-4.889129115412928
18,11,0.13015106320381165,0.07314715534448624,0.13370893895626068,0.05859624966979027,2,0.0,36.212290366139015,36.212290366139015,0.9895249605178833,40.516957462954096,-4.304667096815081,-4.304667096815081
18,12,0.1314605325460434,0.07377363741397858,0.12752825021743774,0.06016308069229126,2,0.0,36.212290366139015,36.212290366139015,0.9894077181816101,39.92669949741032,-3.714409131271303,-3.714409131271303
18,13,0.13271108269691467,0.07442093640565872,0.12184333056211472,0.06258845329284668,2,0.0,36.212290366139015,36.212290366139015,0.9892789125442505,39.33059775679668,-3.1183073906576624,-3.1183073906576624
18,14,0.13390745222568512,0.07509735226631165,0.11661814153194427,0.06582022458314896,2,0.0,36.212290366139015,36.212290366139015,0.989137589931488,38.72860489318427,-2.516314527045253,-2.516314527045253
18,15,0.1350540667772293,0.07581070065498352,0.11181975156068802,0.06981217861175537,2,0.0,36.212290366139015,36.212290366139015,0.9889827966690063,38.120674043689675,-1.9083836775506597,-1.9083836775506597
18,16,0.13615502417087555,0.0765683650970459,0.10741810500621796,0.07452380657196045,2,0.0,36.212290366139015,36.212290366139015,0.9888138175010681,37.50675883537441,-1.2944684692353974,-1.2944684692353974
18,17,0.13721413910388947,0.07737736403942108,0.103385791182518,0.07991976290941238,2,0.0,36.212290366139015,36.212290366139015,0.988629162311554,36.886813149367015,-0.6745227832279994,-0.6745227832279994
18,18,0.13823498785495758,0.07824436575174332,0.0996977910399437,0.08596941828727722,2,0.0,36.212290366139015,36.212290366139015,0.9884281158447266,36.26079190611663,-0.04850153997761453,-0.04850153997761453
18,19,0.13922086358070374,0.07917581498622894,0.09633132070302963,0.092646524310112,2,0.0,36.212290366139015,36.212290366139015,0.9882094264030457,35.62865029320394,0.5836400729350757,0.5836400729350757
18,20,0.14017486572265625,0.08017786592245102,0.0932655930519104,0.09992894530296326,2,0.0,36.212290366139015,36.212290366139015,0.9879717230796814,34.990344309899896,1.2219460562391191,1.2219460562391191
18,21,0.14109990000724792,0.08125650882720947,0.0904817059636116,0.10779836773872375,2,0.0,36.212290366139015,36.212290366139015,0.9877137541770935,34.34583089577799,1.866459470361022,1.866459470361022
18,22,0.14199873805046082,0.0824175626039505,0.08796242624521255,0.11623992025852203,2,0.0,36.212290366139015,36.212290366139015,0.9874341487884521,33.695067819798886,2.517222546340129,2.517222546340129
18,23,0.14287391304969788,0.08366668224334717,0.0856921523809433,0.12524212896823883,2,0.0,36.212290366139015,36.212290366139015,0.9871312379837036,33.03801380910145,3.1742765570375653,3.1742765570375653
18,24,0.1437278389930725,0.08500950038433075,0.0836566761136055,0.13479650020599365,2,0.0,36.212290366139015,36.212290366139015,0.9868035316467285,32.374628859714896,3.8376615064241193,3.8376615064241193
18,25,0.14456282556056976,0.08645153045654297,0.08184316009283066,0.1448974758386612,2,0.0,36.212290366139015,36.212290366139015,0.9864490628242493,31.704874068755725,4.5074162973832905,4.5074162973832905
18,26,0.14538097381591797,0.08799827843904495,0.08023997396230698,0.15554219484329224,2,0.0,36.212290366139015,36.212290366139015,0.9860659837722778,31.028712127203512,5.183578238935503,5.183578238935503
18,27,0.14618438482284546,0.08965521305799484,0.078836590051651,0.16673031449317932,2,0.0,36.212290366139015,36.212290366139015,0.9856520891189575,30.346107215587107,5.866183150551908,5.866183150551908
18,28,0.14697501063346863,0.09142782539129257,0.07762355357408524,0.17846398055553436,2,0.0,36.212290366139015,36.212290366139015,0.9852051734924316,29.65702538027086,6.555264985868156,6.555264985868156
18,29,0.1477547287940979,0.09332164376974106,0.0765923410654068,0.19074749946594238,2,0.0,36.212290366139015,36.212290366139015,0.9847226738929749,28.96143455230144,7.250855813837575,7.250855813837575
18,30,0.14852531254291534,0.0953422486782074,0.07573530822992325,0.20358745753765106,2,0.0,36.212290366139015,36.212290366139015,0.9842017889022827,28.25930492768532,7.952985438453695,7.952985438453695
18,31,0.14928844571113586,0.09749532490968704,0.0750456228852272,0.21699249744415283,2,0.0,36.212290366139015,36.212290366139015,0.9836398363113403,27.55060923109398,8.661681135045036,8.661681135045036
18,32,0.15004582703113556,0.09978662431240082,0.07451716810464859,0.23097313940525055,2,0.0,36.212290366139015,36.212290366139015,0.9830334186553955,26.835322620992564,9.376967745146452,9.376967745146452
18,33,0.15079905092716217,0.1022220253944397,0.07414460182189941,0.24554196000099182,2,0.0,36.212290366139015,36.212290366139015,0.982379138469696,26.11342343670421,10.098866929434806,10.098866929434806
18,34,0.15154962241649628,0.10480756312608719,0.07392313331365585,0.26071327924728394,2,0.0,36.212290366139015,36.212290366139015,0.9816730618476868,25.384893230539912,10.827397135599103,10.827397135599103
18,35,0.15229906141757965,0.10754940658807755,0.07384856790304184,0.2765032649040222,3,0.5,24.203738107025345,24.203738107025345,0.9801669120788574,24.64971734211336,-0.4459792350880143,-0.4459792350880143
18,36,0.15326111018657684,0.11077961325645447,0.111229307949543,0.35018253326416016,3,0.5,24.203738107025345,24.203738107025345,0.9784975051879883,23.908636798014648,0.29510130901069687,0.29510130901069687
18,37,0.1545821577310562,0.11472748965024948,0.14595778286457062,0.42027583718299866,3,0.5,24.203738107025345,24.203738107025345,0.9766523838043213,23.16175686144107,1.0419812455842745,1.0419812455842745
18,38,0.15623702108860016,0.11936002969741821,0.1782621294260025,0.48723819851875305,3,0.5,24.203738107025345,24.203738107025345,0.9746161699295044,22.409196442057322,1.7945416649680226,1.7945416649680226
18,39,0.15820272266864777,0.12464860081672668,0.2083514779806137,0.5514910817146301,3,0.5,24.203738107025345,24.203738107025345,0.9723712205886841,21.65109118396749,2.5526469230578535,2.5526469230578535
18,40,0.16045823693275452,0.13056856393814087,0.2364175021648407,0.6134245991706848,3,0.5,24.203738107025345,24.203738107025345,0.9698976874351501,20.887595922604856,3.316142184420489,3.316142184420489
18,41,0.16298440098762512,0.13709905743598938,0.2626356780529022,0.6734007000923157,3,0.5,24.203738107025345,24.203738107025345,0.9671738743782043,20.118887106232027,4.084851000793318,4.084851000793318
18,42,0.16576367616653442,0.14422263205051422,0.2871663570404053,0.7317548394203186,3,0.5,24.203738107025345,24.203738107025345,0.964175820350647,19.345164880660427,4.858573226364918,4.858573226364918
18,43,0.16878008842468262,0.15192507207393646,0.31015610694885254,0.7887986898422241,3,0.5,24.203738107025345,24.203738107025345,0.9608778953552246,18.566655616474524,5.637082490550821,5.637082490550821
18,44,0.17201900482177734,0.16019511222839355,0.33173874020576477,0.8448215126991272,1,-0.5,19.09902192771945,19.09902192771945,0.9588022232055664,17.783613859716464,1.3154080680029843,1.3154080680029843
18,45,0.1750459223985672,0.1683827042579651,0.27801141142845154,0.7873380184173584,1,-0.5,19.09902192771945,19.09902192771945,0.9567248821258545,16.994759228798888,2.104262698920561,2.104262698920561
18,46,0.1775619089603424,0.1760452389717102,0.22876280546188354,0.7379871010780334,1,-0.5,19.09902192771945,19.09902192771945,0.9546471834182739,16.200034693609126,2.898987234110322,2.898987234110322
18,47,0.1796095371246338,0.18325994908809662,0.1836162507534027,0.6960982084274292,1,-0.5,19.09902192771945,19.09902192771945,0.9525665640830994,15.399381323425104,3.699640604294345,3.699640604294345
18,48,0.18122778832912445,0.190097838640213,0.14222900569438934,0.6610670685768127,1,-0.5,19.09902192771945,19.09902192771945,0.9504764676094055,14.59274218115354,4.506279746565909,4.506279746565909
18,49,0.18245244026184082,0.19662417471408844,0.10428929328918457,0.6323493123054504,1,-0.5,19.09902192771945,19.09902192771945,0.9483685493469238,13.780066377317308,5.318955550402141,5.318955550402141
18,50,0.18331632018089294,0.20289914309978485,0.0695134773850441,0.609455406665802,1,-0.5,19.09902192771945,19.09902192771945,0.9462317228317261,12.961310937343823,6.137710990375625,6.137710990375625
18,51,0.18384958803653717,0.20897838473320007,0.03764351084828377,0.5919458270072937,1,-0.5,19.09902192771945,19.09902192771945,0.9440535306930542,12.13644365102232,6.962578276697128,6.962578276697128
18,52,0.18407990038394928,0.21491333842277527,0.008444501087069511,0.5794257521629333,4,1.0,10.502443636976295,10.502443636976295,0.939430832862854,11.305444565989157,-0.8030009290128621,-0.8030009290128621
18,53,0.18465767800807953,0.2216940075159073,0.09156040102243423,0.7371475100517273,4,1.0,10.502443636976295,10.502443636976295,0.9340561628341675,10.470720942551822,0.03172269442447373,0.03172269442447373
18,54,0.18603239953517914,0.2300068885087967,0.1686161905527115,0.8865865468978882,4,1.0,10.502443636976295,10.502443636976295,0.9278843998908997,9.63299472698753,0.8694489099887655,0.8694489099887655
18,55,0.18814612925052643,0.2397747039794922,0.24007199704647064,1.028641939163208,4,1.0,10.502443636976295,10.502443636976295,0.9208584427833557,8.79304073444104,1.7094029025352544,1.7094029025352544
18,56,0.19094528257846832,0.2509288191795349,0.30634981393814087,1.1641470193862915,4,1.0,10.502443636976295,10.502443636976295,0.9129115343093872,7.951699284502713,2.5507443524735827,2.5507443524735827
18,57,0.19438031315803528,0.26340845227241516,0.36783522367477417,1.2938721179962158,1,-0.5,6.565692329757921,6.565692329757921,0.9064172506332397,7.109886616356895,-0.544194286598974,-0.544194286598974
18,58,0.19778825342655182,0.27624109387397766,0.31642699241638184,1.2570505142211914,1,-0.5,6.565692329757921,6.565692329757921,0.8997212052345276,6.266130672448137,0.2995616573097841,0.2995616573097841
18,59,0.2007085084915161,0.28876015543937683,0.2694705128669739,1.2289693355560303,1,-0.5,5.713351839781885,5.713351839781885,0.8928021788597107,5.42061562344809,0.292736216333795,0.292736216333795
18,60,0.20318329334259033,0.30104899406433105,0.22658288478851318,1.2089697122573853,1,-0.5,5.713351839781885,5.713351839781885,0.8856331706047058,4.573548933927656,1.1398029058542294,1.1398029058542294
18,61,0.2052513062953949,0.313184916973114,0.18741551041603088,1.1964610815048218,1,-0.5,5.713351839781885,5.713351839781885,0.878182590007782,3.725167437699949,1.9881844020819361,1.9881844020819361
18,62,0.20694783329963684,0.3252396881580353,0.15165084600448608,1.1909147500991821,4,1.0,3.6282242235951987,3.6282242235951987,0.8679227232933044,2.8757422703961284,0.7524819531990703,0.7524819531990703
18,63,0.20891110599040985,0.33816564083099365,0.22551144659519196,1.347476601600647,1,-0.5,2.7257406558239916,2.7257406558239916,0.8587798476219177,2.028100552629115,0.6976401031948765,0.6976401031948765
18,64,0.210978165268898,0.35174453258514404,0.18779249489307404,1.3431533575057983,1,-0.5,2.7257406558239916,2.7257406558239916,0.8492286801338196,1.1811320252597954,1.5446086305641962,1.5446086305641962
18,65,0.2126874327659607,0.36532413959503174,0.1533474326133728,1.3457696437835693,1,-0.5,2.7257406558239916,2.7257406558239916,0.8392225503921509,0.3352559041676523,2.3904847516563392,2.3904847516563392
18,66,0.21406994760036469,0.37897104024887085,0.12189018726348877,1.354866862297058,0,-1.0,-0.11914387831693286,-0.11914387831693286,0.8295477032661438,-0.5090572184085844,0.3899133400916516,0.3899133400916516
18,67,0.21495573222637177,0.39246347546577454,0.0582948699593544,1.3201085329055786,0,-1.0,-0.11914387831693286,-0.11914387831693286,0.8196909427642822,-1.3521261835098266,1.2329823051928936,1.2329823051928936
18,68,0.21523617208003998,0.405668705701828,-7.778778672218323e-05,1.2951706647872925,4,1.0,-0.3951350020452693,-0.3951350020452693,-2.1937546730041504,-2.1937546730041504,1.798619670958881,1.798619670958881
19,0,0.10237595438957214,0.06883138418197632,0.09550085663795471,0.14263778924942017,2,0.0,36.212290366139015,36.212290366139015,0.9912630319595337,35.698193833814415,0.5140965323246007,0.5140965323246007
19,1,0.10331788659095764,0.07031586021184921,0.09195899963378906,0.14763334393501282,2,0.0,36.212290366139015,36.212290366139015,0.9910096526145935,35.05750586045948,1.1547845056795367,1.1547845056795367
19,2,0.1042264997959137,0.07185520976781845,0.08876001089811325,0.15338283777236938,2,0.0,36.212290366139015,36.212290366139015,0.9907366037368774,34.41060223014635,1.8016881359926629,1.8016881359926629
19,3,0.10510508716106415,0.07345684617757797,0.08588096499443054,0.1598592847585678,2,0.0,36.212290366139015,36.212290366139015,0.9904422163963318,33.757440026676235,2.45485033946278,2.45485033946278
19,4,0.10595675557851791,0.07512792944908142,0.08330096304416656,0.16703999042510986,2,0.0,36.212290366139015,36.212290366139015,0.9901250004768372,33.09797758614132,3.1143127799976966,3.1143127799976966
19,5,0.1067843958735466,0.07687542587518692,0.08100110292434692,0.17490644752979279,2,0.0,36.212290366139015,36.212290366139015,0.9897833466529846,32.43217432895402,3.780116037184996,3.780116037184996
19,6,0.1075906977057457,0.07870614528656006,0.07896418124437332,0.18344375491142273,2,0.0,36.212290366139015,36.212290366139015,0.9894152283668518,31.759990891213164,4.4522994749258515,4.4522994749258515
19,7,0.10837821662425995,0.08062676340341568,0.07717466354370117,0.19264060258865356,2,0.0,36.212290366139015,36.212290366139015,0.9890186190605164,31.08138955843062,5.130900807708397,5.130900807708397
19,8,0.10914936661720276,0.08264387398958206,0.0756184384226799,0.20248888432979584,2,0.0,36.212290366139015,36.212290366139015,0.9885914325714111,30.396334282192022,5.815956083946993,5.815956083946993
19,9,0.1099063977599144,0.08476399630308151,0.07428278774023056,0.2129836082458496,2,0.0,36.212290366139015,36.212290366139015,0.9881311655044556,29.704790757192537,6.507499608946478,6.507499608946478
19,10,0.11065148562192917,0.08699362725019455,0.07315623015165329,0.22412270307540894,2,0.0,36.212290366139015,36.212290366139015,0.9876353144645691,29.006726860290993,7.205563505848023,7.205563505848023
19,11,0.11138664931058884,0.08933926373720169,0.07222849130630493,0.23590689897537231,2,0.0,36.212290366139015,36.212290366139015,0.9871009588241577,28.302112672551942,7.910177693587073,7.910177693587073
19,12,0.1121138483285904,0.09180740267038345,0.07149028033018112,0.24833935499191284,2,0.0,36.212290366139015,36.212290366139015,0.9865248799324036,27.59092092295736,8.621369443181656,8.621369443181656
19,13,0.11283493787050247,0.09440462291240692,0.07093329727649689,0.26142579317092896,2,0.0,36.212290366139015,36.212290366139015,0.9859041571617126,26.873127316186824,9.339163049952191,9.339163049952191
19,14,0.11355169862508774,0.09713756293058395,0.07055015116930008,0.27517426013946533,2,0.0,36.212290366139015,36.212290366139015,0.9852347373962402,26.148710261641526,10.06358010449749,10.06358010449749
19,15,0.11426583677530289,0.10001295059919357,0.07033424079418182,0.2895950376987457,2,0.0,36.212290366139015,36.212290366139015,0.9845129251480103,25.417652044692208,10.794638321446808,10.794638321446808
19,16,0.11497901380062103,0.10303765535354614,0.07027976959943771,0.3047005236148834,2,0.0,36.212290366139015,36.212290366139015,0.9837343096733093,24.679938504590098,11.532351861548918,11.532351861548918
19,17,0.11569282412528992,0.10621864348649979,0.07038157433271408,0.32050520181655884,3,0.5,24.203738107025345,24.203738107025345,0.9821533560752869,23.93555979284524,0.26817831418010485,0.26817831418010485
19,18,0.11662112176418304,0.10988887399435043,0.10795195400714874,0.39429324865341187,3,0.5,24.203738107025345,24.203738107025345,0.9804083704948425,23.185259027040356,1.0184790799849885,1.0184790799849885
19,19,0.11791037023067474,0.1142784133553505,0.14287354052066803,0.46456387639045715,3,0.5,24.203738107025345,24.203738107025345,0.978484034538269,22.4291420773187,1.7745960297066432,1.7745960297066432
19,20,0.119535431265831,0.11935495585203171,0.17537395656108856,0.5317718386650085,3,0.5,24.203738107025345,24.203738107025345,0.976362943649292,21.667331356343873,2.536406750681472,2.536406750681472
19,21,0.12147333472967148,0.125090554356575,0.20566189289093018,0.5963380932807922,3,0.5,24.203738107025345,24.203738107025345,0.9740248918533325,20.89996809363089,3.3037700133944554,3.3037700133944554
19,22,0.12370309978723526,0.1314612627029419,0.2339283674955368,0.6586525440216064,3,0.5,24.203738107025345,24.203738107025345,0.9714480042457581,20.127215355330865,4.07652275169448,4.07652275169448
19,23,0.12620554864406586,0.1384468376636505,0.26034820079803467,0.7190764546394348,3,0.5,24.203738107025345,24.203738107025345,0.9686082005500793,19.349259950591016,4.854478156434329,4.854478156434329
19,24,0.1289631724357605,0.14603056013584137,0.28508105874061584,0.7779448628425598,3,0.5,24.203738107025345,24.203738107025345,0.9654793739318848,18.566314899031248,5.637423207994097,5.637423207994097
19,25,0.1319599598646164,0.1541987955570221,0.30827268958091736,0.8355686068534851,3,0.5,24.203738107025345,24.203738107025345,0.962033748626709,17.77862174252461,6.4251163645007345,6.4251163645007345
19,26,0.13518130779266357,0.16294094920158386,0.33005598187446594,0.8922362923622131,1,-0.5,19.09902192771945,19.09902192771945,0.9597876071929932,16.98645251908879,2.112569408630659,2.112569408630659
19,27,0.13819289207458496,0.17160826921463013,0.2765660583972931,0.8355745673179626,1,-0.5,19.09902192771945,19.09902192771945,0.9575161933898926,16.18855041605636,2.91047151166309,2.91047151166309
19,28,0.14069601893424988,0.1797594279050827,0.22756274044513702,0.7871327996253967,1,-0.5,19.09902192771945,19.09902192771945,0.9552215337753296,15.38488305319845,3.714138874520998,3.714138874520998
19,29,0.14273329079151154,0.18747256696224213,0.1826685667037964,0.7462398409843445,1,-0.5,19.09902192771945,19.09902192771945,0.9529015421867371,14.57541567618497,4.523606251534478,4.523606251534478
19,30,0.1443438082933426,0.19481952488422394,0.14153990149497986,0.7122907042503357,1,-0.5,19.09902192771945,19.09902192771945,0.9505499005317688,13.760115286866903,5.338906640852546,5.338906640852546
19,31,0.14556342363357544,0.20186641812324524,0.1038641557097435,0.6847408413887024,1,-0.5,19.09902192771945,19.09902192771945,0.9481578469276428,12.938954935692054,6.160066992027394,6.160066992027394
19,32,0.14642497897148132,0.2086743265390396,0.06935695558786392,0.6631007194519043,1,-0.5,19.09902192771945,19.09902192771945,0.9457144737243652,12.111916251277183,6.987105676442265,6.987105676442265
19,33,0.1469586193561554,0.21529968082904816,0.03775949776172638,0.6469305753707886,4,1.0,10.502443636976295,10.502443636976295,0.940824568271637,11.278991694497796,-0.7765480575215005,-0.7765480575215005
19,34,0.14781694114208221,0.22273682057857513,0.11867623031139374,0.8013951778411865,4,1.0,10.502443636976295,10.502443636976295,0.9351826310157776,10.4425930567941,0.05985058018219469,0.05985058018219469
19,35,0.14945119619369507,0.23167572915554047,0.1937008798122406,0.947915256023407,4,1.0,10.502443636976295,10.502443636976295,0.9287369251251221,9.603444874523559,0.8989987624527362,0.8989987624527362
19,36,0.1518050581216812,0.2420423924922943,0.2632802128791809,1.0873669385910034,4,1.0,10.502443636976295,10.502443636976295,0.921424925327301,8.762331262018623,1.740112374957672,1.740112374957672
19,37,0.15482640266418457,0.2537711262702942,0.327823281288147,1.2205613851547241,4,1.0,10.502443636976295,10.502443636976295,0.9131749868392944,7.920107410799316,2.582336226176979,2.582336226176979
19,38,0.15846699476242065,0.2668039798736572,0.3877027928829193,1.3482469320297241,1,-0.5,6.565692329757921,6.565692329757921,0.9063512086868286,7.077709519151537,-0.5120171893936165,-0.5120171893936165
19,39,0.16206572949886322,0.280172735452652,0.3349132537841797,1.3099530935287476,1,-0.5,6.565692329757921,6.565692329757921,0.8992987275123596,6.233695263095665,0.3319970666622556,0.3319970666622556
19,40,0.16516372561454773,0.2932150065898895,0.286704421043396,1.2806816101074219,1,-0.5,6.565692329757921,6.565692329757921,0.8919965624809265,5.388279328872026,1.1774130008858945,1.1774130008858945
19,41,0.16780443489551544,0.30601680278778076,0.24268005788326263,1.2597492933273315,1,-0.5,6.565692329757921,6.565692329757921,0.8844177722930908,4.541699764031414,2.023992565726507,2.023992565726507
19,42,0.17002761363983154,0.31865784525871277,0.20247961580753326,1.2465434074401855,4,1.0,3.6282242235951987,3.6282242235951987,0.874049961566925,3.6942242340791145,-0.0660000104839158,-0.0660000104839158
19,43,0.1724766492843628,0.3321014940738678,0.27249860763549805,1.3967828750610352,1,-0.5,2.7257406558239916,2.7257406558239916,0.8648260235786438,2.848660881325444,-0.12292022550145232,-0.12292022550145232
19,44,0.17499162256717682,0.34613436460494995,0.23103444278240204,1.386031150817871,1,-0.5,2.7257406558239916,2.7257406558239916,0.85520339012146,2.0038735936836365,0.7218670621403551,0.7218670621403551
19,45,0.17711327970027924,0.3601071834564209,0.19316799938678741,1.3827965259552002,1,-0.5,2.7257406558239916,2.7257406558239916,0.845137357711792,1.1602729328910875,1.5654677229329041,1.5654677229329041
19,46,0.17887571454048157,0.3740919828414917,0.15858349204063416,1.3865635395050049,0,-1.0,-0.11914387831693286,-0.11914387831693286,0.8354135155677795,0.31831876280736915,-0.437462641124302,-0.437462641124302
19,47,0.1801113784313202,0.3878709077835083,0.09207040816545486,1.3467645645141602,0,-1.0,-0.11914387831693286,-0.11914387831693286,0.8255181908607483,-0.5223179320812226,0.4031740537642897,0.4031740537642897
19,48,0.18071402609348297,0.40131494402885437,0.03103528544306755,1.3172345161437988,0,-1.0,-0.11914387831693286,-0.11914387831693286,0.8149028420448303,-1.361450629234314,1.242306750917381,1.242306750917381
19,49,0.18073558807373047,0.4145217835903168,-0.02500256523489952,1.2971538305282593,4,1.0,-0.3951350020452693,-0.3951350020452693,-2.1983368396759033,-2.1983368396759033,1.803201837630634,1.803201837630634
